d201211_0048.cnv
* Sea-Bird SBE 9 Data File:
* FileName = C:\2012-11\CTD Raw\201211-0048.hdr
* Software Version Seasave V 7.21d
* Temperature SN = 4397
* Conductivity SN = 2992
* Number of Bytes Per Scan = 40
* Number of Voltage Words = 5
* Number of Scans Averaged by the Deck Unit = 1
* NMEA Latitude = 76 01.05 N
* NMEA Longitude = 175 17.49 W
* NMEA UTC (Time) = Sep 01 2012 07:04:55
* NMEA baud rate = 4800
** Ship:  CCGS Louis St-Laurent
** Cruise:  2012-11
** Station:   CAP-10
** Depth (m):  2100
# nquan = 26
# nvalues = 543                         
# units = specified
# name 0 = scan: Scan Count
# name 1 = prDM: Pressure, Digiquartz [db]
# name 2 = depSM: Depth [salt water, m]
# name 3 = t090C: Temperature [ITS-90, deg C]
# name 4 = t190C: Temperature, 2 [ITS-90, deg C]
# name 5 = c0mS/cm: Conductivity [mS/cm]
# name 6 = c1mS/cm: Conductivity, 2 [mS/cm]
# name 7 = sbeox0V: Oxygen raw, SBE 43 [V]
# name 8 = CStarTr0: Beam Transmission, WET Labs C-Star [%]
# name 9 = v1: Voltage 1
# name 10 = flSP: Fluorescence, Seapoint
# name 11 = v0: Voltage 0
# name 12 = wetCDOM: Fluorescence, WET Labs CDOM [mg/m^3]
# name 13 = v4: Voltage 4
# name 14 = upoly0: Upoly 0, ISUS
# name 15 = par: PAR/Irradiance, Biospherical/Licor
# name 16 = spar: SPAR/Surface Irradiance
# name 17 = altM: Altimeter [m]
# name 18 = sbeox0ML/L: Oxygen, SBE 43 [ml/l], WS = 1
# name 19 = sal00: Salinity, Practical [PSU]
# name 20 = sal11: Salinity, Practical, 2 [PSU]
# name 21 = potemp090C: Potential Temperature [ITS-90, deg C]
# name 22 = sigma-é00: Density [sigma-theta, Kg/m^3]
# name 23 = svCM: Sound Velocity [Chen-Millero, m/s]
# name 24 = nbin: number of scans per bin
# name 25 = flag: flag
# span 0 =      12566,      33247       
# span 1 =      1.000,    543.000       
# span 2 =      0.990,    536.631       
# span 3 =    -1.4462,     0.9134       
# span 4 =    -1.4463,     0.9131       
# span 5 =  21.795445,  29.915515       
# span 6 =  21.786086,  29.915623       
# span 7 =     1.9279,     2.6578       
# span 8 =    83.3921,    89.7152       
# span 9 =     4.0716,     4.3760       
# span 10 = 3.1067e-02, 1.0143e+00      
# span 11 =     0.0310,     1.0143      
# span 12 =     2.8376,     5.2683      
# span 13 =     0.1858,     0.2850      
# span 14 =  0.1763586,  0.6710352      
# span 15 = 1.0000e-12, 1.0000e-12      
# span 16 = 0.0000e+00, 0.0000e+00      
# span 17 =      97.92,      98.40      
# span 18 =    5.66456,    8.55163      
# span 19 =    25.7218,    34.8529      
# span 20 =    25.7103,    34.8538      
# span 21 =    -1.4497,     0.8918      
# span 22 =    20.6277,    27.9439      
# span 23 =    1435.76,    1461.34      
# span 24 =         19,         85      
# span 25 = 0.0000e+00, 0.0000e+00      
# interval = decibars: 1                
# start_time = Sep 01 2012 07:04:55 [NMEA time, header]
# bad_flag = -9.990e-29
*END*
[from data line 278]
      26272    279.000    275.903     0.3154     0.3155  29.174370  29.174441     2.0504    89.6323     4.3720     0.0247     0.0359     4.0402     0.2349     0.5215 1.000e-012 -9.000e+000      97.94    6.33563    34.6547    34.6547     0.3041    27.8108    1454.66         48        222
      26317    280.000    276.891     0.3163     0.3159  29.175511  29.175239     2.0518    89.6378     4.3723     0.0248     0.0360     3.9731     0.2321     0.5257 1.000e-012 -9.000e+000      97.94    6.34216    34.6546    34.6547     0.3050    27.8106    1454.68         43        222
      26361    281.000    277.879     0.3165     0.3161  29.176093  29.175799     2.0543    89.6441     4.3726     0.0245     0.0354     3.9983     0.2332     0.5252 1.000e-012 -9.000e+000      97.94    6.35308    34.6545    34.6546     0.3052    27.8106    1454.70         45        222
      26406    282.000    278.867     0.3365     0.3367  29.197547  29.198458     2.0560    89.6391     4.3724     0.0242     0.0350     3.9507     0.2312     0.5153 1.000e-012 -9.000e+000      97.94    6.35716    34.6596    34.6606     0.3251    27.8135    1454.81         45        222
      26453    283.000    279.856     0.3741     0.3737  29.239589  29.239428     2.0566    89.6412     4.3724     0.0259     0.0381     3.9235     0.2301     0.5207 1.000e-012 -9.000e+000      97.94    6.35354    34.6719    34.6721     0.3625    27.8213    1455.02         51        222
      26505    284.000    280.844     0.3761     0.3756  29.242197  29.241716     2.0579    89.6406     4.3724     0.0245     0.0355     3.9760     0.2323     0.5220 1.000e-012 -9.000e+000      97.94    6.35944    34.6725    34.6724     0.3645    27.8216    1455.04         48        222
      26548    285.000    281.832     0.3762     0.3757  29.242618  29.242168     2.0610    89.6547     4.3731     0.0276     0.0414     3.8995     0.2292     0.5150 1.000e-012 -9.000e+000      97.95    6.37269    34.6723    34.6723     0.3645    27.8215    1455.06         41        222
      26591    286.000    282.821     0.3762     0.3756  29.242899  29.242526     2.0654    89.6606     4.3734     0.0251     0.0367     3.9506     0.2313     0.5396 1.000e-012 -9.000e+000      97.95    6.39101    34.6721    34.6723     0.3645    27.8213    1455.08         46        222
      26639    287.000    283.809     0.4021     0.4028  29.272872  29.273951     2.0690    89.6547     4.3731     0.0255     0.0373     3.8849     0.2286     0.5372 1.000e-012 -9.000e+000      97.95    6.40117    34.6817    34.6823     0.3903    27.8275    1455.22         51        222
      26690    288.000    284.797     0.4126     0.4122  29.285270  29.284991     2.0708    89.6610     4.3734     0.0243     0.0351     3.9043     0.2294     0.5366 1.000e-012 -9.000e+000      97.95    6.40735    34.6855    34.6856     0.4007    27.8300    1455.29         49        222
      26737    289.000    285.785     0.4127     0.4122  29.285681  29.285334     2.0714    89.6656     4.3736     0.0244     0.0353     3.9034     0.2293     0.5322 1.000e-012 -9.000e+000      97.95    6.41090    34.6853    34.6854     0.4008    27.8299    1455.31         46        222
      26783    290.000    286.773     0.4126     0.4123  29.286041  29.285795     2.0722    89.6608     4.3734     0.0247     0.0359     3.8377     0.2267     0.5261 1.000e-012 -9.000e+000      97.95    6.41525    34.6853    34.6853     0.4006    27.8299    1455.33         46        222
      26828    291.000    287.761     0.4126     0.4122  29.286478  29.286175     2.0739    89.6649     4.3736     0.0254     0.0372     3.8006     0.2251     0.5475 1.000e-012 -9.000e+000      97.95    6.42307    34.6853    34.6853     0.4006    27.8299    1455.34         43        222
      26871    292.000    288.750     0.4127     0.4122  29.287002  29.286594     2.0760    89.6650     4.3736     0.0244     0.0353     3.8063     0.2254     0.5283 1.000e-012 -9.000e+000      97.95    6.43243    34.6853    34.6853     0.4006    27.8299    1455.36         45        222
      26922    293.000    289.738     0.4279     0.4286  29.304980  29.305782     2.0786    89.6665     4.3736     0.0242     0.0349     3.8231     0.2261     0.5352 1.000e-012 -9.000e+000      97.95    6.44075    34.6911    34.6914     0.4157    27.8337    1455.45         54        222
      26972    294.000    290.725     0.4429     0.4424  29.321772  29.321475     2.0812    89.6639     4.3735     0.0241     0.0348     3.8744     0.2281     0.5240 1.000e-012 -9.000e+000      97.95    6.44917    34.6957    34.6958     0.4307    27.8365    1455.54         45        222
      27015    295.000    291.714     0.4666     0.4668  29.348724  29.349451     2.0823    89.6644     4.3735     0.0240     0.0346     3.8695     0.2279     0.5292 1.000e-012 -9.000e+000      97.95    6.45005    34.7037    34.7044     0.4543    27.8416    1455.68         43        222
      27061    296.000    292.702     0.4685     0.4683  29.351728  29.351695     2.0831    89.6470     4.3727     0.0243     0.0352     3.7846     0.2245     0.5376 1.000e-012 -9.000e+000      97.95    6.45398    34.7049    34.7051     0.4561    27.8424    1455.71         50        222
      27113    297.000    293.690     0.4697     0.4688  29.353251  29.352514     2.0847    89.6654     4.3736     0.0249     0.0362     3.8214     0.2260     0.5458 1.000e-012 -9.000e+000      97.95    6.46118    34.7050    34.7050     0.4573    27.8424    1455.73         52        222
      27161    298.000    294.678     0.4824     0.4816  29.367214  29.367111     2.0877    89.6698     4.3738     0.0244     0.0352     3.7918     0.2248     0.5101 1.000e-012 -9.000e+000      97.95    6.47159    34.7084    34.7091     0.4699    27.8444    1455.81         43        222
      27203    299.000    295.667     0.5036     0.5032  29.391355  29.391627     2.0898    89.6657     4.3736     0.0242     0.0349     3.8575     0.2274     0.5157 1.000e-012 -9.000e+000      97.95    6.47681    34.7155    34.7163     0.4910    27.8489    1455.93         45        222
      27252    300.000    296.654     0.5181     0.5177  29.408500  29.408198     2.0909    89.6654     4.3736     0.0239     0.0344     3.8602     0.2276     0.5150 1.000e-012 -9.000e+000      97.95    6.47943    34.7210    34.7211     0.5054    27.8525    1456.02         52        222
      27302    301.000    297.643     0.5186     0.5181  29.409305  29.408941     2.0920    89.6663     4.3736     0.0241     0.0347     3.8109     0.2256     0.5309 1.000e-012 -9.000e+000      97.95    6.48482    34.7209    34.7210     0.5058    27.8524    1456.04         45        222
      27344    302.000    298.631     0.5189     0.5185  29.410068  29.409687     2.0934    89.6583     4.3733     0.0239     0.0343     3.8709     0.2280     0.5198 1.000e-012 -9.000e+000      97.96    6.49139    34.7210    34.7210     0.5061    27.8524    1456.05         41        222
      27386    303.000    299.619     0.5191     0.5185  29.410546  29.410222     2.0970    89.6705     4.3738     0.0236     0.0338     3.8104     0.2255     0.5443 1.000e-012 -9.000e+000      97.95    6.50651    34.7208    34.7211     0.5063    27.8522    1456.07         47        222
      27443    304.000    300.607     0.5282     0.5288  29.421617  29.422254     2.1028    89.6749     4.3740     0.0240     0.0346     3.8113     0.2256     0.5197 1.000e-012 -9.000e+000      97.96    6.52836    34.7245    34.7246     0.5153    27.8546    1456.13         60        222
      27493    305.000    301.595     0.5510     0.5511  29.445966  29.446528     2.1066    89.6738     4.3740     0.0238     0.0343     3.7731     0.2240     0.5104 1.000e-012 -9.000e+000      97.96    6.53990    34.7300    34.7307     0.5380    27.8578    1456.26         41        222
      27530    306.000    302.583     0.5699     0.5695  29.466810  29.466405     2.1086    89.6732     4.3740     0.0236     0.0338     3.8021     0.2252     0.5153 1.000e-012 -9.000e+000      97.96    6.54518    34.7354    34.7354     0.5568    27.8610    1456.37         37        222
      27569    307.000    303.572     0.5704     0.5700  29.467836  29.467431     2.1093    89.6757     4.3741     0.0241     0.0348     3.7224     0.2219     0.4543 1.000e-012 -9.000e+000      97.96    6.54899    34.7356    34.7355     0.5572    27.8611    1456.39         37        222
      27605    308.000    304.560     0.5703     0.5700  29.468193  29.467905     2.1098    89.6719     4.3739     0.0237     0.0340     3.7472     0.2229     0.5197 1.000e-012 -9.000e+000      97.96    6.55215    34.7356    34.7356     0.5571    27.8611    1456.40         38        222
      27643    309.000    305.548     0.5704     0.5700  29.468638  29.468359     2.1105    89.6727     4.3739     0.0252     0.0367     3.8160     0.2257     0.5067 1.000e-012 -9.000e+000      97.96    6.55605    34.7355    34.7356     0.5571    27.8610    1456.42         36        222
      27674    310.000    306.536     0.5705     0.5703  29.469296  29.468997     2.1119    89.6854     4.3745     0.0244     0.0353     3.7025     0.2211     0.5524 1.000e-012 -9.000e+000      97.96    6.56264    34.7356    34.7355     0.5572    27.8611    1456.44         26        222
      27698    311.000    307.524     0.5707     0.5704  29.469848  29.469591     2.1125    89.6910     4.3748     0.0241     0.0347     3.6254     0.2179     0.5072 1.000e-012 -9.000e+000      97.96    6.56613    34.7355    34.7355     0.5573    27.8610    1456.46         22        222
      27719    312.000    308.512     0.5784     0.5798  29.478605  29.479789     2.1131    89.6910     4.3748     0.0238     0.0341     3.7896     0.2247     0.5130 1.000e-012 -9.000e+000      97.96    6.56815    34.7377    34.7377     0.5650    27.8623    1456.51         22        222
      27742    313.000    309.500     0.6153     0.6153  29.519075  29.518838     2.1131    89.6899     4.3747     0.0235     0.0335     3.8158     0.2257     0.5260 1.000e-012 -9.000e+000      97.96    6.56215    34.7485    34.7482     0.6017    27.8688    1456.71         23        222
      27766    314.000    310.488     0.6166     0.6163  29.521241  29.520824     2.1137    89.6890     4.3747     0.0235     0.0336     3.7828     0.2244     0.5285 1.000e-012 -9.000e+000      97.97    6.56539    34.7492    34.7490     0.6030    27.8693    1456.73         25        222
      27791    315.000    311.476     0.6168     0.6165  29.521773  29.521436     2.1146    89.6889     4.3747     0.0235     0.0336     3.7869     0.2246     0.5308 1.000e-012 -9.000e+000      97.96    6.57003    34.7491    34.7490     0.6031    27.8692    1456.75         24        222
      27814    316.000    312.464     0.6168     0.6166  29.522281  29.521966     2.1159    89.6888     4.3747     0.0241     0.0348     3.7919     0.2248     0.5324 1.000e-012 -9.000e+000      97.97    6.57624    34.7492    34.7490     0.6031    27.8692    1456.76         23        222
      27836    317.000    313.452     0.6170     0.6167  29.522858  29.522543     2.1174    89.6910     4.3748     0.0233     0.0332     3.7410     0.2227     0.5324 1.000e-012 -9.000e+000      97.97    6.58319    34.7491    34.7491     0.6032    27.8692    1456.78         22        222
      27858    318.000    314.440     0.6170     0.6167  29.523332  29.522941     2.1192    89.6840     4.3745     0.0231     0.0328     3.8095     0.2255     0.5319 1.000e-012 -9.000e+000      97.97    6.59134    34.7492    34.7490     0.6032    27.8692    1456.80         22        222
      27882    319.000    315.428     0.6173     0.6169  29.523970  29.523412     2.1207    89.6880     4.3747     0.0236     0.0338     3.8474     0.2270     0.5377 1.000e-012 -9.000e+000      97.97    6.59827    34.7491    34.7488     0.6035    27.8691    1456.82         25        222
      27908    320.000    316.417     0.6263     0.6273  29.534077  29.534948     2.1220    89.6860     4.3746     0.0234     0.0335     3.8186     0.2259     0.5612 1.000e-012 -9.000e+000      97.97    6.60273    34.7515    34.7515     0.6124    27.8706    1456.88         26        222
      27933    321.000    317.404     0.6614     0.6610  29.573043  29.572574     2.1239    89.6808     4.3743     0.0236     0.0338     3.7148     0.2216     0.5445 1.000e-012 -9.000e+000      97.97    6.60436    34.7623    34.7621     0.6473    27.8771    1457.07         25        222
      27957    322.000    318.393     0.6627     0.6623  29.575215  29.574836     2.1254    89.6912     4.3748     0.0251     0.0366     3.7771     0.2242     0.5344 1.000e-012 -9.000e+000      97.97    6.61106    34.7631    34.7630     0.6486    27.8776    1457.09         22        222
      27979    323.000    319.380     0.6629     0.6625  29.575927  29.575469     2.1265    89.6875     4.3746     0.0238     0.0343     3.8081     0.2255     0.5261 1.000e-012 -9.000e+000      97.97    6.61644    34.7632    34.7630     0.6487    27.8777    1457.11         22        222
      28000    324.000    320.369     0.6630     0.6626  29.576435  29.576068     2.1277    89.6838     4.3745     0.0236     0.0338     3.7908     0.2247     0.5024 1.000e-012 -9.000e+000      97.97    6.62224    34.7631    34.7631     0.6488    27.8777    1457.12         21        222
      28021    325.000    321.357     0.6630     0.6627  29.576903  29.576487     2.1288    89.6898     4.3747     0.0229     0.0325     3.7777     0.2242     0.5104 1.000e-012 -9.000e+000      97.97    6.62766    34.7632    34.7630     0.6487    27.8777    1457.14         22        222
      28044    326.000    322.344     0.6632     0.6630  29.577434  29.577163     2.1296    89.6866     4.3746     0.0252     0.0369     3.7517     0.2231     0.5398 1.000e-012 -9.000e+000      97.97    6.63189    34.7630    34.7629     0.6489    27.8776    1457.16         23        222
      28069    327.000    323.333     0.6734     0.6738  29.588696  29.588897     2.1302    89.6822     4.3744     0.0233     0.0333     3.7683     0.2238     0.5391 1.000e-012 -9.000e+000      97.97    6.63340    34.7657    34.7655     0.6590    27.8791    1457.22         27        222
      28096    328.000    324.321     0.6922     0.6916  29.609835  29.609205     2.1314    89.6854     4.3745     0.0251     0.0367     3.7865     0.2245     0.5168 1.000e-012 -9.000e+000      97.97    6.63549    34.7715    34.7713     0.6777    27.8826    1457.33         27        222
      28122    329.000    325.308     0.6923     0.6920  29.610556  29.610157     2.1320    89.6903     4.3748     0.0236     0.0339     3.6870     0.2205     0.5052 1.000e-012 -9.000e+000      97.98    6.63894    34.7717    34.7715     0.6778    27.8828    1457.35         24        222
      28145    330.000    326.297     0.6924     0.6921  29.610985  29.610587     2.1326    89.6910     4.3748     0.0232     0.0331     3.6086     0.2173     0.5240 1.000e-012 -9.000e+000      97.98    6.64241    34.7716    34.7714     0.6778    27.8826    1457.37         22        222
      28165    331.000    327.285     0.6924     0.6921  29.611570  29.611105     2.1326    89.6885     4.3747     0.0228     0.0322     3.6355     0.2184     0.4882 1.000e-012 -9.000e+000      97.98    6.64357    34.7717    34.7715     0.6778    27.8828    1457.38         20        222
      28186    332.000    328.272     0.6923     0.6919  29.611748  29.611344     2.1326    89.6909     4.3748     0.0237     0.0340     3.6591     0.2194     0.4703 1.000e-012 -9.000e+000      97.98    6.64475    34.7715    34.7714     0.6776    27.8826    1457.40         21        222
      28207    333.000    329.260     0.6922     0.6919  29.612197  29.611771     2.1329    89.6910     4.3748     0.0226     0.0318     3.6703     0.2198     0.4695 1.000e-012 -9.000e+000      97.97    6.64708    34.7716    34.7714     0.6775    27.8827    1457.41         23        222
