d201211_0015.cnv
* Sea-Bird SBE 9 Data File:
* FileName = C:\2012-11\CTD Raw\201211-0015.hdr
* Software Version Seasave V 7.21d
* Temperature SN = 4322
* Conductivity SN = 2809
* Number of Bytes Per Scan = 40
* Number of Voltage Words = 5
* Number of Scans Averaged by the Deck Unit = 1
* NMEA Latitude = 74 57.59 N
* NMEA Longitude = 149 56.95 W
* NMEA UTC (Time) = Aug 11 2012 09:25:53
* NMEA baud rate = 4800
** Ship:  CCGS Louis St-Laurent
** Cruise:  2012-11
** Station:   CB-4
** Depth (m):  3823
# nquan = 26
# nvalues = 3889                        
# units = specified
# name 0 = scan: Scan Count
# name 1 = prDM: Pressure, Digiquartz [db]
# name 2 = depSM: Depth [salt water, m]
# name 3 = t090C: Temperature [ITS-90, deg C]
# name 4 = t190C: Temperature, 2 [ITS-90, deg C]
# name 5 = c0mS/cm: Conductivity [mS/cm]
# name 6 = c1mS/cm: Conductivity, 2 [mS/cm]
# name 7 = sbeox0V: Oxygen raw, SBE 43 [V]
# name 8 = CStarTr0: Beam Transmission, WET Labs C-Star [%]
# name 9 = v1: Voltage 1
# name 10 = flSP: Fluorescence, Seapoint
# name 11 = v0: Voltage 0
# name 12 = wetCDOM: Fluorescence, WET Labs CDOM [mg/m^3]
# name 13 = v4: Voltage 4
# name 14 = upoly0: Upoly 0, ISUS
# name 15 = par: PAR/Irradiance, Biospherical/Licor
# name 16 = spar: SPAR/Surface Irradiance
# name 17 = altM: Altimeter [m]
# name 18 = sbeox0ML/L: Oxygen, SBE 43 [ml/l], WS = 1
# name 19 = sal00: Salinity, Practical [PSU]
# name 20 = sal11: Salinity, Practical, 2 [PSU]
# name 21 = potemp090C: Potential Temperature [ITS-90, deg C]
# name 22 = sigma-é00: Density [sigma-theta, Kg/m^3]
# name 23 = svCM: Sound Velocity [Chen-Millero, m/s]
# name 24 = nbin: number of scans per bin
# name 25 = flag: flag
# span 0 =       8072,     112749       
# span 1 =      1.000,   3889.000       
# span 2 =      0.990,   3813.641       
# span 3 =    -1.5382,     0.7890       
# span 4 =    -1.5388,     0.7890       
# span 5 =  20.920841,  30.375331       
# span 6 =  20.920987,  30.375051       
# span 7 =     1.4419,     2.6695       
# span 8 =    89.4936,    90.1251       
# span 9 =     4.3654,     4.3957       
# span 10 = 2.9617e-02, 5.6040e-01      
# span 11 =     0.0296,     0.5604      
# span 12 =     3.2302,     5.3610      
# span 13 =     0.2018,     0.2888      
# span 14 =  0.0000000,  0.0000000      
# span 15 = 1.0000e-12, 1.0000e-12      
# span 16 = 7.6900e+00, 1.3571e+01      
# span 17 =       9.70,      98.63      
# span 18 =    5.92340,    8.94752      
# span 19 =    24.8742,    34.9555      
# span 20 =    24.8761,    34.9556      
# span 21 =    -1.5422,     0.7669      
# span 22 =    19.9495,    28.0961      
# span 23 =    1432.99,    1513.40      
# span 24 =         21,        213      
# span 25 = 0.0000e+00, 0.0000e+00      
# interval = decibars: 1                
# start_time = Aug 11 2012 09:25:53 [NMEA time, header]
# bad_flag = -9.990e-29
*END*
[from data line 1389]
      48708   1390.000   1370.988    -0.2285    -0.2289  29.385185  29.384902     1.9171    90.1007     4.3946     0.0229     0.0325     3.7365     0.2225     0.0000 1.000e-012 -9.000e+000      98.55    6.86620    34.9022    34.9023    -0.2927    28.0425    1470.84         23        222
      48732   1391.000   1371.971    -0.2287    -0.2292  29.385439  29.385154     1.9166    90.1021     4.3947     0.0227     0.0321     3.7700     0.2239     0.0000 1.000e-012 -9.000e+000      98.54    6.86487    34.9022    34.9024    -0.2930    28.0426    1470.86         24        222
      48756   1392.000   1372.954    -0.2290    -0.2295  29.385670  29.385465     1.9164    90.1043     4.3948     0.0226     0.0320     3.6691     0.2198     0.0000 1.000e-012 -9.000e+000      98.55    6.86492    34.9023    34.9026    -0.2933    28.0426    1470.87         24        222
      48779   1393.000   1373.937    -0.2294    -0.2299  29.385810  29.385562     1.9161    90.1073     4.3949     0.0225     0.0318     3.6671     0.2197     0.0000 1.000e-012 -9.000e+000      98.54    6.86454    34.9024    34.9026    -0.2938    28.0427    1470.89         24        222
      48803   1394.000   1374.920    -0.2301    -0.2305  29.385726  29.385498     1.9157    90.1006     4.3946     0.0227     0.0320     3.6932     0.2208     0.0000 1.000e-012 -9.000e+000      98.54    6.86375    34.9025    34.9027    -0.2945    28.0429    1470.90         24        222
      48828   1395.000   1375.903    -0.2305    -0.2310  29.385778  29.385642     1.9155    90.1009     4.3946     0.0229     0.0325     3.7989     0.2251     0.0000 1.000e-012 -9.000e+000      98.54    6.86383    34.9025    34.9029    -0.2950    28.0429    1470.92         24        222
      48851   1396.000   1376.886    -0.2313    -0.2318  29.385646  29.385457     1.9152    90.1010     4.3946     0.0226     0.0320     3.8079     0.2254     0.0000 1.000e-012 -9.000e+000      98.54    6.86352    34.9027    34.9030    -0.2958    28.0430    1470.93         24        222
      48875   1397.000   1377.869    -0.2318    -0.2323  29.385742  29.385443     1.9152    90.1044     4.3948     0.0231     0.0329     3.6867     0.2205     0.0000 1.000e-012 -9.000e+000      98.54    6.86452    34.9028    34.9030    -0.2964    28.0432    1470.94         23        222
      48899   1398.000   1378.852    -0.2321    -0.2326  29.385802  29.385634     1.9147    90.1048     4.3948     0.0226     0.0319     3.7594     0.2234     0.0000 1.000e-012 -9.000e+000      98.54    6.86321    34.9027    34.9030    -0.2968    28.0431    1470.96         24        222
      48922   1399.000   1379.835    -0.2323    -0.2329  29.386098  29.385862     1.9146    90.1078     4.3949     0.0224     0.0315     3.7511     0.2231     0.0000 1.000e-012 -9.000e+000      98.54    6.86370    34.9027    34.9031    -0.2970    28.0431    1470.97         23        222
      48946   1400.000   1380.818    -0.2327    -0.2331  29.386289  29.386122     1.9144    90.1062     4.3948     0.0227     0.0321     3.7295     0.2222     0.0000 1.000e-012 -9.000e+000      98.55    6.86376    34.9029    34.9031    -0.2975    28.0433    1470.99         24        222
      48969   1401.000   1381.801    -0.2330    -0.2335  29.386432  29.386128     1.9143    90.1044     4.3948     0.0227     0.0322     3.6468     0.2189     0.0000 1.000e-012 -9.000e+000      98.54    6.86428    34.9028    34.9030    -0.2978    28.0433    1471.00         24        222
      48993   1402.000   1382.784    -0.2335    -0.2340  29.386507  29.386295     1.9142    90.1014     4.3946     0.0225     0.0316     3.6015     0.2170     0.0000 1.000e-012 -9.000e+000      98.55    6.86482    34.9029    34.9032    -0.2984    28.0434    1471.02         23        222
      49016   1403.000   1383.768    -0.2339    -0.2344  29.386563  29.386418     1.9136    90.1021     4.3947     0.0229     0.0325     3.7615     0.2235     0.0000 1.000e-012 -9.000e+000      98.55    6.86307    34.9029    34.9033    -0.2988    28.0434    1471.03         24        222
      49040   1404.000   1384.751    -0.2344    -0.2348  29.386788  29.386531     1.9138    90.1022     4.3947     0.0226     0.0319     3.7250     0.2220     0.0000 1.000e-012 -9.000e+000      98.54    6.86497    34.9032    34.9033    -0.2994    28.0436    1471.05         23        222
      49063   1405.000   1385.734    -0.2347    -0.2353  29.386763  29.386566     1.9137    90.1033     4.3947     0.0230     0.0327     3.6510     0.2191     0.0000 1.000e-012 -9.000e+000      98.55    6.86549    34.9029    34.9034    -0.2997    28.0435    1471.06         23        222
      49087   1406.000   1386.716    -0.2353    -0.2358  29.386837  29.386550     1.9131    90.0984     4.3945     0.0231     0.0328     3.6661     0.2197     0.0000 1.000e-012 -9.000e+000      98.55    6.86377    34.9032    34.9033    -0.3004    28.0437    1471.08         24        222
      49110   1407.000   1387.699    -0.2359    -0.2364  29.386641  29.386570     1.9128    90.1034     4.3947     0.0226     0.0319     3.7701     0.2238     0.0000 1.000e-012 -9.000e+000      98.54    6.86343    34.9030    34.9035    -0.3010    28.0436    1471.09         23        222
      49134   1408.000   1388.682    -0.2366    -0.2371  29.386548  29.386381     1.9129    90.1005     4.3946     0.0228     0.0324     3.7744     0.2241     0.0000 1.000e-012 -9.000e+000      98.54    6.86493    34.9031    34.9035    -0.3018    28.0437    1471.11         24        222
      49157   1409.000   1389.666    -0.2374    -0.2380  29.386418  29.386221     1.9123    90.0991     4.3945     0.0226     0.0319     3.7503     0.2230     0.0000 1.000e-012 -9.000e+000      98.54    6.86324    34.9033    34.9037    -0.3026    28.0439    1471.12         24        222
      49181   1410.000   1390.648    -0.2381    -0.2386  29.386355  29.386180     1.9122    90.0988     4.3945     0.0224     0.0316     3.7595     0.2234     0.0000 1.000e-012 -9.000e+000      98.55    6.86382    34.9035    34.9038    -0.3034    28.0440    1471.13         23        222
      49204   1411.000   1391.632    -0.2386    -0.2391  29.386409  29.386096     1.9116    90.1038     4.3947     0.0229     0.0325     3.7482     0.2230     0.0000 1.000e-012 -9.000e+000      98.55    6.86208    34.9035    34.9037    -0.3039    28.0441    1471.15         24        222
      49228   1412.000   1392.615    -0.2392    -0.2397  29.386244  29.386088     1.9113    90.1051     4.3948     0.0225     0.0318     3.7145     0.2216     0.0000 1.000e-012 -9.000e+000      98.55    6.86174    34.9034    34.9038    -0.3046    28.0441    1471.16         23        222
      49252   1413.000   1393.598    -0.2402    -0.2407  29.385920  29.385650     1.9110    90.1024     4.3947     0.0230     0.0326     3.6603     0.2194     0.0000 1.000e-012 -9.000e+000      98.54    6.86146    34.9036    34.9038    -0.3056    28.0443    1471.17         24        222
      49275   1414.000   1394.580    -0.2407    -0.2412  29.385938  29.385786     1.9109    90.1001     4.3946     0.0219     0.0305     3.6054     0.2171     0.0000 1.000e-012 -9.000e+000      98.54    6.86201    34.9036    34.9040    -0.3062    28.0443    1471.19         24        222
      49299   1415.000   1395.563    -0.2413    -0.2418  29.385881  29.385662     1.9106    90.1078     4.3949     0.0227     0.0320     3.8758     0.2282     0.0000 1.000e-012 -9.000e+000      98.54    6.86166    34.9037    34.9039    -0.3068    28.0444    1471.20         23        222
      49323   1416.000   1396.547    -0.2416    -0.2421  29.386159  29.385896     1.9107    90.1041     4.3947     0.0230     0.0326     3.8164     0.2258     0.0000 1.000e-012 -9.000e+000      98.54    6.86307    34.9038    34.9040    -0.3072    28.0445    1471.22         24        222
      49346   1417.000   1397.529    -0.2420    -0.2425  29.386277  29.386087     1.9102    90.0975     4.3944     0.0226     0.0319     3.7221     0.2219     0.0000 1.000e-012 -9.000e+000      98.55    6.86177    34.9038    34.9042    -0.3077    28.0446    1471.23         23        222
      49369   1418.000   1398.512    -0.2426    -0.2431  29.386155  29.385936     1.9104    90.1026     4.3947     0.0226     0.0319     3.6224     0.2178     0.0000 1.000e-012 -9.000e+000      98.55    6.86371    34.9038    34.9041    -0.3083    28.0446    1471.25         24        222
      49393   1419.000   1399.495    -0.2430    -0.2436  29.386396  29.386106     1.9101    90.1040     4.3947     0.0228     0.0323     3.7815     0.2244     0.0000 1.000e-012 -9.000e+000      98.54    6.86331    34.9040    34.9043    -0.3088    28.0448    1471.26         23        222
      49416   1420.000   1400.478    -0.2436    -0.2441  29.386251  29.386146     1.9096    90.1026     4.3947     0.0231     0.0329     3.7236     0.2220     0.0000 1.000e-012 -9.000e+000      98.55    6.86205    34.9039    34.9044    -0.3094    28.0447    1471.27         23        222
      49439   1421.000   1401.461    -0.2442    -0.2447  29.386311  29.386140     1.9093    90.1074     4.3949     0.0227     0.0320     3.6367     0.2185     0.0000 1.000e-012 -9.000e+000      98.55    6.86169    34.9041    34.9045    -0.3101    28.0449    1471.29         23        222
      49462   1422.000   1402.444    -0.2446    -0.2451  29.386400  29.386152     1.9093    90.1114     4.3951     0.0231     0.0328     3.7835     0.2245     0.0000 1.000e-012 -9.000e+000      98.54    6.86268    34.9042    34.9044    -0.3105    28.0450    1471.30         23        222
      49486   1423.000   1403.427    -0.2452    -0.2456  29.386362  29.386206     1.9088    90.1038     4.3947     0.0227     0.0321     3.7592     0.2234     0.0000 1.000e-012 -9.000e+000      98.55    6.86141    34.9042    34.9045    -0.3112    28.0451    1471.32         24        222
      49509   1424.000   1404.410    -0.2459    -0.2464  29.386176  29.385993     1.9088    90.1003     4.3946     0.0229     0.0324     3.6764     0.2201     0.0000 1.000e-012 -9.000e+000      98.55    6.86245    34.9042    34.9045    -0.3119    28.0451    1471.33         23        222
      49532   1425.000   1405.393    -0.2466    -0.2471  29.386039  29.385845     1.9087    90.1010     4.3946     0.0226     0.0318     3.7777     0.2242     0.0000 1.000e-012 -9.000e+000      98.54    6.86303    34.9043    34.9046    -0.3127    28.0452    1471.34         24        222
      49556   1426.000   1406.376    -0.2470    -0.2476  29.386128  29.385944     1.9084    90.1062     4.3948     0.0228     0.0322     3.8149     0.2257     0.0000 1.000e-012 -9.000e+000      98.55    6.86264    34.9043    34.9047    -0.3131    28.0452    1471.36         23        222
      49579   1427.000   1407.359    -0.2473    -0.2479  29.386394  29.386188     1.9081    90.1097     4.3950     0.0225     0.0318     3.6774     0.2201     0.0000 1.000e-012 -9.000e+000      98.55    6.86223    34.9044    34.9048    -0.3135    28.0453    1471.37         23        222
      49603   1428.000   1408.342    -0.2478    -0.2483  29.386458  29.386293     1.9074    90.1116     4.3951     0.0230     0.0327     3.7726     0.2240     0.0000 1.000e-012 -9.000e+000      98.54    6.86002    34.9045    34.9048    -0.3140    28.0454    1471.39         24        222
      49626   1429.000   1409.324    -0.2484    -0.2490  29.386337  29.386249     1.9071    90.1081     4.3949     0.0224     0.0315     3.6564     0.2193     0.0000 1.000e-012 -9.000e+000      98.54    6.85967    34.9045    34.9050    -0.3147    28.0454    1471.40         23        222
      49650   1430.000   1410.307    -0.2490    -0.2495  29.386473  29.386220     1.9069    90.0984     4.3945     0.0225     0.0317     3.6139     0.2175     0.0000 1.000e-012 -9.000e+000      98.55    6.85976    34.9048    34.9050    -0.3153    28.0457    1471.42         24        222
      49673   1431.000   1411.290    -0.2493    -0.2498  29.386602  29.386508     1.9067    90.1047     4.3948     0.0231     0.0328     3.7626     0.2236     0.0000 1.000e-012 -9.000e+000      98.54    6.85981    34.9047    34.9052    -0.3157    28.0457    1471.43         23        222
      49696   1432.000   1412.273    -0.2496    -0.2502  29.386838  29.386718     1.9067    90.1088     4.3950     0.0231     0.0329     3.6840     0.2204     0.0000 1.000e-012 -9.000e+000      98.54    6.86077    34.9048    34.9053    -0.3161    28.0458    1471.45         24        222
      49720   1433.000   1413.256    -0.2501    -0.2506  29.386947  29.386751     1.9063    90.1073     4.3949     0.0228     0.0323     3.7929     0.2248     0.0000 1.000e-012 -9.000e+000      98.55    6.85994    34.9050    34.9053    -0.3166    28.0459    1471.46         23        222
      49743   1434.000   1414.239    -0.2508    -0.2512  29.386971  29.386708     1.9059    90.1042     4.3948     0.0225     0.0318     3.7942     0.2249     0.0000 1.000e-012 -9.000e+000      98.55    6.85913    34.9052    34.9053    -0.3174    28.0462    1471.48         24        222
      49767   1435.000   1415.222    -0.2513    -0.2519  29.386930  29.386704     1.9058    90.1052     4.3948     0.0232     0.0330     3.8344     0.2265     0.0000 1.000e-012 -9.000e+000      98.54    6.85968    34.9052    34.9056    -0.3179    28.0462    1471.49         23        222
      49790   1436.000   1416.204    -0.2518    -0.2523  29.387043  29.386841     1.9056    90.1037     4.3947     0.0225     0.0317     3.6613     0.2194     0.0000 1.000e-012 -9.000e+000      98.55    6.85976    34.9053    34.9056    -0.3185    28.0463    1471.51         23        222
      49813   1437.000   1417.188    -0.2522    -0.2527  29.387184  29.386962     1.9054    90.1139     4.3952     0.0226     0.0319     3.7440     0.2228     0.0000 1.000e-012 -9.000e+000      98.54    6.85982    34.9054    34.9057    -0.3189    28.0464    1471.52         23        222
      49836   1438.000   1418.170    -0.2526    -0.2531  29.387287  29.387066     1.9050    90.1106     4.3951     0.0226     0.0318     3.7446     0.2228     0.0000 1.000e-012 -9.000e+000      98.55    6.85897    34.9054    34.9057    -0.3194    28.0464    1471.54         23        222
      49859   1439.000   1419.153    -0.2530    -0.2535  29.387491  29.387258     1.9049    90.1107     4.3951     0.0226     0.0319     3.7468     0.2229     0.0000 1.000e-012 -9.000e+000      98.54    6.85948    34.9056    34.9059    -0.3198    28.0466    1471.55         23        222
      49883   1440.000   1420.136    -0.2535    -0.2540  29.387590  29.387319     1.9049    90.1072     4.3949     0.0231     0.0330     3.7618     0.2235     0.0000 1.000e-012 -9.000e+000      98.54    6.86048    34.9057    34.9059    -0.3204    28.0467    1471.57         24        222
      49906   1441.000   1421.119    -0.2539    -0.2543  29.387674  29.387578     1.9045    90.1163     4.3953     0.0231     0.0330     3.6933     0.2207     0.0000 1.000e-012 -9.000e+000      98.54    6.85963    34.9057    34.9061    -0.3208    28.0468    1471.58         23        222
      49929   1442.000   1422.102    -0.2546    -0.2551  29.387563  29.387382     1.9040    90.1098     4.3950     0.0227     0.0320     3.7068     0.2213     0.0000 1.000e-012 -9.000e+000      98.55    6.85837    34.9058    34.9062    -0.3216    28.0469    1471.59         24        222
      49953   1443.000   1423.085    -0.2551    -0.2556  29.387508  29.387338     1.9038    90.1154     4.3953     0.0228     0.0323     3.6869     0.2205     0.0000 1.000e-012 -9.000e+000      98.54    6.85846    34.9058    34.9061    -0.3221    28.0468    1471.61         23        222
      49976   1444.000   1424.067    -0.2556    -0.2561  29.387587  29.387433     1.9037    90.1135     4.3952     0.0230     0.0327     3.7965     0.2250     0.0000 1.000e-012 -9.000e+000      98.55    6.85900    34.9059    34.9062    -0.3227    28.0470    1471.62         23        222
