d201211_0015.cnv
* Sea-Bird SBE 9 Data File:
* FileName = C:\2012-11\CTD Raw\201211-0015.hdr
* Software Version Seasave V 7.21d
* Temperature SN = 4322
* Conductivity SN = 2809
* Number of Bytes Per Scan = 40
* Number of Voltage Words = 5
* Number of Scans Averaged by the Deck Unit = 1
* NMEA Latitude = 74 57.59 N
* NMEA Longitude = 149 56.95 W
* NMEA UTC (Time) = Aug 11 2012 09:25:53
* NMEA baud rate = 4800
** Ship:  CCGS Louis St-Laurent
** Cruise:  2012-11
** Station:   CB-4
** Depth (m):  3823
# nquan = 26
# nvalues = 3889                        
# units = specified
# name 0 = scan: Scan Count
# name 1 = prDM: Pressure, Digiquartz [db]
# name 2 = depSM: Depth [salt water, m]
# name 3 = t090C: Temperature [ITS-90, deg C]
# name 4 = t190C: Temperature, 2 [ITS-90, deg C]
# name 5 = c0mS/cm: Conductivity [mS/cm]
# name 6 = c1mS/cm: Conductivity, 2 [mS/cm]
# name 7 = sbeox0V: Oxygen raw, SBE 43 [V]
# name 8 = CStarTr0: Beam Transmission, WET Labs C-Star [%]
# name 9 = v1: Voltage 1
# name 10 = flSP: Fluorescence, Seapoint
# name 11 = v0: Voltage 0
# name 12 = wetCDOM: Fluorescence, WET Labs CDOM [mg/m^3]
# name 13 = v4: Voltage 4
# name 14 = upoly0: Upoly 0, ISUS
# name 15 = par: PAR/Irradiance, Biospherical/Licor
# name 16 = spar: SPAR/Surface Irradiance
# name 17 = altM: Altimeter [m]
# name 18 = sbeox0ML/L: Oxygen, SBE 43 [ml/l], WS = 1
# name 19 = sal00: Salinity, Practical [PSU]
# name 20 = sal11: Salinity, Practical, 2 [PSU]
# name 21 = potemp090C: Potential Temperature [ITS-90, deg C]
# name 22 = sigma-é00: Density [sigma-theta, Kg/m^3]
# name 23 = svCM: Sound Velocity [Chen-Millero, m/s]
# name 24 = nbin: number of scans per bin
# name 25 = flag: flag
# span 0 =       8072,     112749       
# span 1 =      1.000,   3889.000       
# span 2 =      0.990,   3813.641       
# span 3 =    -1.5382,     0.7890       
# span 4 =    -1.5388,     0.7890       
# span 5 =  20.920841,  30.375331       
# span 6 =  20.920987,  30.375051       
# span 7 =     1.4419,     2.6695       
# span 8 =    89.4936,    90.1251       
# span 9 =     4.3654,     4.3957       
# span 10 = 2.9617e-02, 5.6040e-01      
# span 11 =     0.0296,     0.5604      
# span 12 =     3.2302,     5.3610      
# span 13 =     0.2018,     0.2888      
# span 14 =  0.0000000,  0.0000000      
# span 15 = 1.0000e-12, 1.0000e-12      
# span 16 = 7.6900e+00, 1.3571e+01      
# span 17 =       9.70,      98.63      
# span 18 =    5.92340,    8.94752      
# span 19 =    24.8742,    34.9555      
# span 20 =    24.8761,    34.9556      
# span 21 =    -1.5422,     0.7669      
# span 22 =    19.9495,    28.0961      
# span 23 =    1432.99,    1513.40      
# span 24 =         21,        213      
# span 25 = 0.0000e+00, 0.0000e+00      
# interval = decibars: 1                
# start_time = Aug 11 2012 09:25:53 [NMEA time, header]
# bad_flag = -9.990e-29
*END*
[from data line 445]
      25805    446.000    440.893     0.7580     0.7579  29.754485  29.754456     2.1136    90.0934     4.3942     0.0227     0.0321     3.7614     0.2236     0.0000 1.000e-012 -9.000e+000      98.54    6.63886    34.8161    34.8162     0.7376    27.9148    1459.62         24        222
      25829    447.000    441.880     0.7577     0.7575  29.754730  29.754504     2.1131    90.0926     4.3942     0.0225     0.0318     3.7655     0.2237     0.0000 1.000e-012 -9.000e+000      98.53    6.63800    34.8162    34.8161     0.7372    27.9149    1459.64         24        222
      25853    448.000    442.867     0.7571     0.7571  29.754646  29.754576     2.1123    90.0915     4.3942     0.0228     0.0323     3.7227     0.2219     0.0000 1.000e-012 -9.000e+000      98.55    6.63602    34.8162    34.8161     0.7366    27.9149    1459.65         24        222
      25877    449.000    443.855     0.7565     0.7564  29.754483  29.754429     2.1120    90.0901     4.3941     0.0230     0.0327     3.7642     0.2236     0.0000 1.000e-012 -9.000e+000      98.54    6.63600    34.8161    34.8161     0.7359    27.9148    1459.66         23        222
      25900    450.000    444.842     0.7557     0.7556  29.754149  29.754156     2.1121    90.0893     4.3941     0.0229     0.0325     3.7185     0.2218     0.0000 1.000e-012 -9.000e+000      98.54    6.63759    34.8159    34.8161     0.7351    27.9148    1459.68         24        222
      25924    451.000    445.830     0.7548     0.7548  29.753857  29.753877     2.1114    90.0883     4.3940     0.0234     0.0335     3.6729     0.2199     0.0000 1.000e-012 -9.000e+000      98.55    6.63605    34.8160    34.8160     0.7341    27.9149    1459.69         24        222
      25948    452.000    446.817     0.7539     0.7538  29.753383  29.753458     2.1114    90.0956     4.3943     0.0229     0.0326     3.7600     0.2235     0.0000 1.000e-012 -9.000e+000      98.54    6.63727    34.8158    34.8160     0.7332    27.9148    1459.70         24        222
      25972    453.000    447.805     0.7536     0.7535  29.753624  29.753427     2.1114    90.0949     4.3943     0.0228     0.0323     3.8174     0.2258     0.0000 1.000e-012 -9.000e+000      98.54    6.63836    34.8159    34.8157     0.7328    27.9149    1459.72         24        222
      25996    454.000    448.792     0.7532     0.7532  29.753719  29.753746     2.1115    90.0901     4.3941     0.0231     0.0330     3.7634     0.2236     0.0000 1.000e-012 -9.000e+000      98.55    6.63987    34.8158    34.8159     0.7324    27.9149    1459.73         24        222
      26020    455.000    449.780     0.7530     0.7528  29.753885  29.753837     2.1117    90.0936     4.3943     0.0229     0.0326     3.7296     0.2222     0.0000 1.000e-012 -9.000e+000      98.54    6.64174    34.8157    34.8159     0.7321    27.9148    1459.75         24        222
      26044    456.000    450.767     0.7531     0.7529  29.754542  29.754347     2.1119    90.0876     4.3940     0.0228     0.0323     3.6897     0.2206     0.0000 1.000e-012 -9.000e+000      98.54    6.64354    34.8159    34.8158     0.7322    27.9149    1459.76         24        222
      26068    457.000    451.755     0.7530     0.7529  29.754844  29.754802     2.1121    90.0922     4.3942     0.0223     0.0314     3.6680     0.2197     0.0000 1.000e-012 -9.000e+000      98.55    6.64538    34.8158    34.8158     0.7320    27.9148    1459.78         24        222
      26092    458.000    452.742     0.7574     0.7572  29.760434  29.760098     2.1124    90.0967     4.3944     0.0226     0.0318     3.6712     0.2199     0.0000 1.000e-012 -9.000e+000      98.54    6.64671    34.8175    34.8173     0.7364    27.9160    1459.82         24        222
      26117    459.000    453.729     0.7600     0.7599  29.763886  29.763776     2.1128    90.0967     4.3944     0.0235     0.0336     3.7112     0.2215     0.0000 1.000e-012 -9.000e+000      98.54    6.64880    34.8185    34.8185     0.7389    27.9166    1459.85         24        222
      26141    460.000    454.717     0.7638     0.7635  29.769019  29.768771     2.1128    90.0937     4.3943     0.0232     0.0331     3.6446     0.2187     0.0000 1.000e-012 -9.000e+000      98.54    6.64905    34.8203    34.8203     0.7426    27.9178    1459.88         25        222
      26165    461.000    455.704     0.7639     0.7638  29.769695  29.769516     2.1133    90.0943     4.3943     0.0232     0.0330     3.6574     0.2193     0.0000 1.000e-012 -9.000e+000      98.55    6.65202    34.8205    34.8204     0.7427    27.9179    1459.90         24        222
      26189    462.000    456.692     0.7665     0.7663  29.772840  29.772763     2.1135    90.0939     4.3943     0.0224     0.0315     3.7417     0.2227     0.0000 1.000e-012 -9.000e+000      98.55    6.65334    34.8211    34.8212     0.7452    27.9183    1459.93         24        222
      26213    463.000    457.679     0.7677     0.7676  29.774627  29.774617     2.1136    90.0918     4.3942     0.0229     0.0324     3.6900     0.2206     0.0000 1.000e-012 -9.000e+000      98.55    6.65453    34.8214    34.8215     0.7464    27.9185    1459.95         24        222
      26237    464.000    458.666     0.7678     0.7677  29.775139  29.775056     2.1141    90.0963     4.3944     0.0233     0.0333     3.6451     0.2188     0.0000 1.000e-012 -9.000e+000      98.54    6.65751    34.8214    34.8214     0.7464    27.9185    1459.97         24        222
      26261    465.000    459.654     0.7679     0.7678  29.775561  29.775673     2.1145    90.0967     4.3944     0.0230     0.0327     3.5688     0.2157     0.0000 1.000e-012 -9.000e+000      98.54    6.66010    34.8213    34.8215     0.7465    27.9183    1459.98         23        222
      26285    466.000    460.641     0.7704     0.7701  29.778983  29.778798     2.1148    90.0937     4.3943     0.0231     0.0328     3.5752     0.2159     0.0000 1.000e-012 -9.000e+000      98.55    6.66180    34.8223    34.8224     0.7489    27.9190    1460.01         25        222
      26309    467.000    461.629     0.7755     0.7753  29.785488  29.785266     2.1157    90.0946     4.3943     0.0231     0.0329     3.6260     0.2180     0.0000 1.000e-012 -9.000e+000      98.54    6.66533    34.8245    34.8244     0.7539    27.9204    1460.06         24        222
      26333    468.000    462.616     0.7757     0.7756  29.786294  29.786142     2.1166    90.0946     4.3943     0.0233     0.0332     3.7088     0.2214     0.0000 1.000e-012 -9.000e+000      98.54    6.66984    34.8247    34.8246     0.7541    27.9206    1460.07         23        222
      26357    469.000    463.603     0.7758     0.7757  29.786709  29.786609     2.1179    90.0945     4.3943     0.0234     0.0335     3.6584     0.2194     0.0000 1.000e-012 -9.000e+000      98.54    6.67596    34.8245    34.8245     0.7541    27.9205    1460.09         24        222
      26381    470.000    464.591     0.7758     0.7757  29.787115  29.787032     2.1196    90.0978     4.3945     0.0234     0.0333     3.6656     0.2196     0.0000 1.000e-012 -9.000e+000      98.54    6.68367    34.8245    34.8245     0.7541    27.9204    1460.11         24        222
      26405    471.000    465.578     0.7768     0.7767  29.789062  29.788839     2.1203    90.0947     4.3943     0.0231     0.0329     3.7976     0.2250     0.0000 1.000e-012 -9.000e+000      98.55    6.68722    34.8253    34.8251     0.7550    27.9210    1460.13         25        222
      26429    472.000    466.565     0.7810     0.7809  29.794855  29.794800     2.1212    90.0873     4.3940     0.0227     0.0321     3.7600     0.2234     0.0000 1.000e-012 -9.000e+000      98.54    6.69090    34.8275    34.8275     0.7592    27.9226    1460.17         24        222
      26453    473.000    467.553     0.7844     0.7842  29.799666  29.799492     2.1219    90.0967     4.3944     0.0232     0.0331     3.6235     0.2179     0.0000 1.000e-012 -9.000e+000      98.54    6.69396    34.8293    34.8293     0.7625    27.9238    1460.20         24        222
      26478    474.000    468.540     0.7873     0.7870  29.803469  29.803123     2.1222    90.0957     4.3944     0.0227     0.0321     3.6389     0.2186     0.0000 1.000e-012 -9.000e+000      98.55    6.69557    34.8304    34.8303     0.7653    27.9245    1460.23         25        222
      26502    475.000    469.528     0.7887     0.7885  29.805491  29.805344     2.1222    90.0957     4.3944     0.0223     0.0313     3.7228     0.2219     0.0000 1.000e-012 -9.000e+000      98.55    6.69631    34.8309    34.8309     0.7667    27.9248    1460.26         24        222
      26526    476.000    470.515     0.7890     0.7888  29.806263  29.806178     2.1226    90.0967     4.3944     0.0225     0.0317     3.7500     0.2230     0.0000 1.000e-012 -9.000e+000      98.55    6.69884    34.8310    34.8311     0.7669    27.9249    1460.27         24        222
      26551    477.000    471.502     0.7890     0.7890  29.806836  29.806689     2.1221    90.0935     4.3943     0.0227     0.0320     3.7263     0.2221     0.0000 1.000e-012 -9.000e+000      98.54    6.69789    34.8312    34.8310     0.7669    27.9250    1460.29         24        222
      26575    478.000    472.490     0.7890     0.7889  29.807228  29.807170     2.1224    90.0957     4.3944     0.0228     0.0323     3.5239     0.2139     0.0000 1.000e-012 -9.000e+000      98.55    6.70008    34.8311    34.8311     0.7668    27.9249    1460.31         24        222
      26599    479.000    473.477     0.7890     0.7889  29.807642  29.807525     2.1223    90.0937     4.3943     0.0224     0.0314     3.6725     0.2199     0.0000 1.000e-012 -9.000e+000      98.55    6.70070    34.8310    34.8310     0.7668    27.9249    1460.32         25        222
      26623    480.000    474.464     0.7886     0.7885  29.807609  29.807603     2.1220    90.0967     4.3944     0.0230     0.0327     3.7309     0.2223     0.0000 1.000e-012 -9.000e+000      98.55    6.70061    34.8309    34.8310     0.7663    27.9248    1460.34         24        222
      26647    481.000    475.451     0.7876     0.7876  29.807279  29.807246     2.1215    90.0967     4.3944     0.0229     0.0326     3.7430     0.2227     0.0000 1.000e-012 -9.000e+000      98.54    6.69983    34.8310    34.8309     0.7653    27.9250    1460.35         24        222
      26672    482.000    476.439     0.7863     0.7863  29.806435  29.806555     2.1210    90.0966     4.3944     0.0227     0.0321     3.6260     0.2180     0.0000 1.000e-012 -9.000e+000      98.55    6.69912    34.8307    34.8309     0.7639    27.9249    1460.36         24        222
      26696    483.000    477.426     0.7849     0.7849  29.805669  29.805709     2.1205    90.0957     4.3944     0.0231     0.0329     3.7533     0.2232     0.0000 1.000e-012 -9.000e+000      98.55    6.69841    34.8307    34.8308     0.7625    27.9249    1460.37         24        222
      26720    484.000    478.414     0.7830     0.7831  29.804482  29.804400     2.1200    90.0826     4.3937     0.0230     0.0327     3.7533     0.2232     0.0000 1.000e-012 -9.000e+000      98.54    6.69779    34.8307    34.8305     0.7605    27.9251    1460.38         25        222
      26744    485.000    479.401     0.7810     0.7811  29.803140  29.803135     2.1195    90.0945     4.3943     0.0224     0.0315     3.7346     0.2224     0.0000 1.000e-012 -9.000e+000      98.55    6.69720    34.8307    34.8305     0.7585    27.9251    1460.38         23        222
      26768    486.000    480.388     0.7785     0.7786  29.801345  29.801312     2.1189    90.0896     4.3941     0.0228     0.0322     3.7351     0.2224     0.0000 1.000e-012 -9.000e+000      98.53    6.69629    34.8305    34.8304     0.7560    27.9252    1460.39         25        222
      26793    487.000    481.375     0.7761     0.7761  29.799540  29.799543     2.1180    90.0883     4.3940     0.0228     0.0323     3.6075     0.2172     0.0000 1.000e-012 -9.000e+000      98.55    6.69419    34.8303    34.8303     0.7535    27.9252    1460.39         24        222
      26817    488.000    482.363     0.7731     0.7731  29.797313  29.797431     2.1174    90.0968     4.3944     0.0232     0.0330     3.6149     0.2175     0.0000 1.000e-012 -9.000e+000      98.55    6.69337    34.8302    34.8304     0.7505    27.9253    1460.40         24        222
      26841    489.000    483.350     0.7695     0.7695  29.794481  29.794500     2.1167    90.0937     4.3943     0.0234     0.0335     3.6818     0.2203     0.0000 1.000e-012 -9.000e+000      98.55    6.69227    34.8300    34.8300     0.7468    27.9253    1460.40         25        222
      26866    490.000    484.337     0.7661     0.7662  29.791914  29.791984     2.1160    90.0967     4.3944     0.0234     0.0334     3.7810     0.2243     0.0000 1.000e-012 -9.000e+000      98.55    6.69113    34.8299    34.8299     0.7434    27.9255    1460.40         24        222
      26890    491.000    485.325     0.7634     0.7635  29.789903  29.789981     2.1159    90.0947     4.3943     0.0226     0.0319     3.7689     0.2238     0.0000 1.000e-012 -9.000e+000      98.54    6.69221    34.8297    34.8297     0.7407    27.9255    1460.40         25        222
      26915    492.000    486.312     0.7606     0.7606  29.787922  29.787806     2.1150    90.0957     4.3944     0.0230     0.0326     3.8096     0.2255     0.0000 1.000e-012 -9.000e+000      98.55    6.69015    34.8297    34.8295     0.7378    27.9257    1460.41         24        222
      26939    493.000    487.299     0.7582     0.7582  29.786242  29.786133     2.1145    90.0957     4.3944     0.0229     0.0324     3.8060     0.2253     0.0000 1.000e-012 -9.000e+000      98.55    6.68960    34.8296    34.8295     0.7354    27.9258    1460.41         25        222
      26964    494.000    488.286     0.7560     0.7559  29.784581  29.784629     2.1143    90.0956     4.3943     0.0229     0.0326     3.7462     0.2229     0.0000 1.000e-012 -9.000e+000      98.54    6.69019    34.8294    34.8295     0.7331    27.9257    1460.42         24        222
      26988    495.000    489.273     0.7534     0.7535  29.782784  29.782833     2.1135    90.0926     4.3942     0.0229     0.0324     3.6704     0.2198     0.0000 1.000e-012 -9.000e+000      98.54    6.68847    34.8294    34.8293     0.7305    27.9259    1460.42         25        222
      27012    496.000    490.261     0.7511     0.7510  29.781083  29.781080     2.1125    90.0967     4.3944     0.0234     0.0334     3.6819     0.2203     0.0000 1.000e-012 -9.000e+000      98.55    6.68592    34.8291    34.8292     0.7282    27.9258    1460.43         24        222
      27037    497.000    491.248     0.7486     0.7486  29.779456  29.779342     2.1121    90.0935     4.3943     0.0228     0.0322     3.7301     0.2223     0.0000 1.000e-012 -9.000e+000      98.54    6.68575    34.8292    34.8291     0.7256    27.9261    1460.43         24        222
      27061    498.000    492.235     0.7457     0.7455  29.777141  29.777191     2.1112    90.0946     4.3943     0.0231     0.0328     3.6854     0.2204     0.0000 1.000e-012 -9.000e+000      98.54    6.68369    34.8289    34.8292     0.7227    27.9260    1460.44         24        222
      27085    499.000    493.222     0.7423     0.7423  29.774641  29.774654     2.1104    90.0957     4.3944     0.0227     0.0321     3.7636     0.2236     0.0000 1.000e-012 -9.000e+000      98.55    6.68210    34.8289    34.8289     0.7193    27.9262    1460.44         25        222
      27110    500.000    494.210     0.7389     0.7387  29.771970  29.771932     2.1098    90.0957     4.3943     0.0226     0.0319     3.6727     0.2199     0.0000 1.000e-012 -9.000e+000      98.54    6.68131    34.8287    34.8288     0.7158    27.9262    1460.44         24        222
