d201211_0015.cnv
* Sea-Bird SBE 9 Data File:
* FileName = C:\2012-11\CTD Raw\201211-0015.hdr
* Software Version Seasave V 7.21d
* Temperature SN = 4322
* Conductivity SN = 2809
* Number of Bytes Per Scan = 40
* Number of Voltage Words = 5
* Number of Scans Averaged by the Deck Unit = 1
* NMEA Latitude = 74 57.59 N
* NMEA Longitude = 149 56.95 W
* NMEA UTC (Time) = Aug 11 2012 09:25:53
* NMEA baud rate = 4800
** Ship:  CCGS Louis St-Laurent
** Cruise:  2012-11
** Station:   CB-4
** Depth (m):  3823
# nquan = 26
# nvalues = 3889                        
# units = specified
# name 0 = scan: Scan Count
# name 1 = prDM: Pressure, Digiquartz [db]
# name 2 = depSM: Depth [salt water, m]
# name 3 = t090C: Temperature [ITS-90, deg C]
# name 4 = t190C: Temperature, 2 [ITS-90, deg C]
# name 5 = c0mS/cm: Conductivity [mS/cm]
# name 6 = c1mS/cm: Conductivity, 2 [mS/cm]
# name 7 = sbeox0V: Oxygen raw, SBE 43 [V]
# name 8 = CStarTr0: Beam Transmission, WET Labs C-Star [%]
# name 9 = v1: Voltage 1
# name 10 = flSP: Fluorescence, Seapoint
# name 11 = v0: Voltage 0
# name 12 = wetCDOM: Fluorescence, WET Labs CDOM [mg/m^3]
# name 13 = v4: Voltage 4
# name 14 = upoly0: Upoly 0, ISUS
# name 15 = par: PAR/Irradiance, Biospherical/Licor
# name 16 = spar: SPAR/Surface Irradiance
# name 17 = altM: Altimeter [m]
# name 18 = sbeox0ML/L: Oxygen, SBE 43 [ml/l], WS = 1
# name 19 = sal00: Salinity, Practical [PSU]
# name 20 = sal11: Salinity, Practical, 2 [PSU]
# name 21 = potemp090C: Potential Temperature [ITS-90, deg C]
# name 22 = sigma-é00: Density [sigma-theta, Kg/m^3]
# name 23 = svCM: Sound Velocity [Chen-Millero, m/s]
# name 24 = nbin: number of scans per bin
# name 25 = flag: flag
# span 0 =       8072,     112749       
# span 1 =      1.000,   3889.000       
# span 2 =      0.990,   3813.641       
# span 3 =    -1.5382,     0.7890       
# span 4 =    -1.5388,     0.7890       
# span 5 =  20.920841,  30.375331       
# span 6 =  20.920987,  30.375051       
# span 7 =     1.4419,     2.6695       
# span 8 =    89.4936,    90.1251       
# span 9 =     4.3654,     4.3957       
# span 10 = 2.9617e-02, 5.6040e-01      
# span 11 =     0.0296,     0.5604      
# span 12 =     3.2302,     5.3610      
# span 13 =     0.2018,     0.2888      
# span 14 =  0.0000000,  0.0000000      
# span 15 = 1.0000e-12, 1.0000e-12      
# span 16 = 7.6900e+00, 1.3571e+01      
# span 17 =       9.70,      98.63      
# span 18 =    5.92340,    8.94752      
# span 19 =    24.8742,    34.9555      
# span 20 =    24.8761,    34.9556      
# span 21 =    -1.5422,     0.7669      
# span 22 =    19.9495,    28.0961      
# span 23 =    1432.99,    1513.40      
# span 24 =         21,        213      
# span 25 = 0.0000e+00, 0.0000e+00      
# interval = decibars: 1                
# start_time = Aug 11 2012 09:25:53 [NMEA time, header]
# bad_flag = -9.990e-29
*END*
[from data line 3389]
      98603   3390.000   3328.095    -0.2965    -0.2971  30.156443  30.156174     1.5097    90.0864     4.3939     0.0221     0.0309     3.7146     0.2216     0.0000 1.000e-012 -9.000e+000      98.53    6.52292    34.9564    34.9567    -0.5085    28.0967    1504.55         26        222
      98629   3391.000   3329.069    -0.2964    -0.2970  30.156961  30.156606     1.5094    90.0880     4.3940     0.0220     0.0308     3.6352     0.2183     0.0000 1.000e-012 -9.000e+000      98.53    6.52197    34.9565    34.9567    -0.5085    28.0968    1504.57         25        222
      98655   3392.000   3330.043    -0.2963    -0.2969  30.157350  30.157061     1.5096    90.0876     4.3940     0.0226     0.0319     3.6308     0.2182     0.0000 1.000e-012 -9.000e+000      98.54    6.52401    34.9564    34.9567    -0.5085    28.0968    1504.59         28        222
      98681   3393.000   3331.017    -0.2962    -0.2968  30.157827  30.157483     1.5094    90.0919     4.3942     0.0227     0.0321     3.6946     0.2208     0.0000 1.000e-012 -9.000e+000      98.54    6.52366    34.9564    34.9566    -0.5085    28.0968    1504.60         25        222
      98707   3394.000   3331.991    -0.2962    -0.2968  30.158233  30.157903     1.5094    90.0879     4.3940     0.0221     0.0309     3.7505     0.2231     0.0000 1.000e-012 -9.000e+000      98.54    6.52452    34.9565    34.9567    -0.5086    28.0968    1504.62         27        222
      98733   3395.000   3332.966    -0.2960    -0.2967  30.158745  30.158395     1.5091    90.0844     4.3938     0.0221     0.0310     3.7032     0.2211     0.0000 1.000e-012 -9.000e+000      98.53    6.52357    34.9564    34.9568    -0.5085    28.0968    1504.64         27        222
      98760   3396.000   3333.940    -0.2959    -0.2966  30.159164  30.158823     1.5090    90.0946     4.3943     0.0226     0.0320     3.6586     0.2194     0.0000 1.000e-012 -9.000e+000      98.54    6.52382    34.9564    34.9567    -0.5084    28.0968    1504.66         25        222
      98786   3397.000   3334.913    -0.2958    -0.2964  30.159554  30.159252     1.5087    90.0902     4.3941     0.0227     0.0321     3.7130     0.2215     0.0000 1.000e-012 -9.000e+000      98.53    6.52288    34.9563    34.9566    -0.5084    28.0967    1504.68         26        222
      98812   3398.000   3335.888    -0.2957    -0.2963  30.159974  30.159724     1.5086    90.0873     4.3940     0.0227     0.0322     3.6183     0.2177     0.0000 1.000e-012 -9.000e+000      98.53    6.52313    34.9563    34.9566    -0.5084    28.0967    1504.69         27        222
      98838   3399.000   3336.862    -0.2957    -0.2963  30.160530  30.160191     1.5084    90.0956     4.3943     0.0227     0.0321     3.5386     0.2145     0.0000 1.000e-012 -9.000e+000      98.53    6.52279    34.9565    34.9567    -0.5085    28.0969    1504.71         26        222
      98864   3400.000   3337.836    -0.2956    -0.2961  30.160882  30.160572     1.5081    90.0834     4.3938     0.0226     0.0319     3.7202     0.2219     0.0000 1.000e-012 -9.000e+000      98.53    6.52186    34.9564    34.9565    -0.5085    28.0968    1504.73         26        222
      98890   3401.000   3338.810    -0.2954    -0.2961  30.161389  30.161027     1.5079    90.0945     4.3943     0.0227     0.0321     3.7317     0.2223     0.0000 1.000e-012 -9.000e+000      98.53    6.52150    34.9564    34.9567    -0.5084    28.0967    1504.75         26        222
      98916   3402.000   3339.784    -0.2954    -0.2960  30.161787  30.161496     1.5079    90.0928     4.3942     0.0227     0.0321     3.7542     0.2232     0.0000 1.000e-012 -9.000e+000      98.54    6.52236    34.9564    34.9567    -0.5085    28.0968    1504.76         26        222
      98942   3403.000   3340.758    -0.2953    -0.2959  30.162214  30.161916     1.5078    90.0909     4.3941     0.0228     0.0322     3.7278     0.2221     0.0000 1.000e-012 -9.000e+000      98.53    6.52261    34.9564    34.9566    -0.5085    28.0967    1504.78         26        222
      98969   3404.000   3341.732    -0.2952    -0.2958  30.162690  30.162371     1.5080    90.0830     4.3938     0.0225     0.0317     3.7802     0.2243     0.0000 1.000e-012 -9.000e+000      98.53    6.52464    34.9564    34.9567    -0.5085    28.0968    1504.80         26        222
      98995   3405.000   3342.706    -0.2950    -0.2957  30.163128  30.162844     1.5075    90.0922     4.3942     0.0222     0.0311     3.7358     0.2225     0.0000 1.000e-012 -9.000e+000      98.54    6.52249    34.9563    34.9567    -0.5084    28.0967    1504.82         26        222
      99021   3406.000   3343.680    -0.2950    -0.2956  30.163571  30.163309     1.5072    90.0827     4.3937     0.0227     0.0320     3.7351     0.2224     0.0000 1.000e-012 -9.000e+000      98.54    6.52157    34.9564    34.9567    -0.5085    28.0968    1504.83         26        222
      99047   3407.000   3344.654    -0.2950    -0.2955  30.164045  30.163708     1.5073    90.0920     4.3942     0.0222     0.0311     3.6918     0.2207     0.0000 1.000e-012 -9.000e+000      98.53    6.52302    34.9565    34.9566    -0.5086    28.0969    1504.85         26        222
      99073   3408.000   3345.628    -0.2948    -0.2955  30.164487  30.164143     1.5069    90.0923     4.3942     0.0220     0.0307     3.7294     0.2222     0.0000 1.000e-012 -9.000e+000      98.53    6.52147    34.9564    34.9567    -0.5085    28.0968    1504.87         27        222
      99099   3409.000   3346.602    -0.2947    -0.2954  30.164869  30.164609     1.5069    90.0935     4.3943     0.0223     0.0312     3.7172     0.2217     0.0000 1.000e-012 -9.000e+000      98.54    6.52231    34.9563    34.9567    -0.5084    28.0967    1504.89         26        222
      99125   3410.000   3347.576    -0.2946    -0.2953  30.165338  30.165041     1.5069    90.0919     4.3942     0.0223     0.0313     3.6338     0.2183     0.0000 1.000e-012 -9.000e+000      98.54    6.52316    34.9563    34.9567    -0.5084    28.0967    1504.90         26        222
      99152   3411.000   3348.551    -0.2945    -0.2952  30.165799  30.165470     1.5068    90.0873     4.3940     0.0227     0.0321     3.6328     0.2183     0.0000 1.000e-012 -9.000e+000      98.53    6.52340    34.9563    34.9567    -0.5084    28.0967    1504.92         26        222
      99178   3412.000   3349.525    -0.2944    -0.2951  30.166181  30.165936     1.5067    90.0935     4.3943     0.0228     0.0322     3.7380     0.2225     0.0000 1.000e-012 -9.000e+000      98.54    6.52366    34.9563    34.9567    -0.5084    28.0967    1504.94         26        222
      99204   3413.000   3350.498    -0.2943    -0.2949  30.166750  30.166366     1.5061    90.0908     4.3941     0.0228     0.0323     3.6404     0.2186     0.0000 1.000e-012 -9.000e+000      98.54    6.52092    34.9564    34.9566    -0.5084    28.0968    1504.96         27        222
      99230   3414.000   3351.472    -0.2942    -0.2949  30.167144  30.166823     1.5063    90.0834     4.3938     0.0228     0.0323     3.7276     0.2221     0.0000 1.000e-012 -9.000e+000      98.53    6.52296    34.9563    34.9567    -0.5084    28.0967    1504.98         26        222
      99256   3415.000   3352.447    -0.2941    -0.2948  30.167525  30.167271     1.5061    90.0857     4.3939     0.0225     0.0317     3.8023     0.2252     0.0000 1.000e-012 -9.000e+000      98.54    6.52261    34.9562    34.9567    -0.5084    28.0966    1504.99         26        222
      99282   3416.000   3353.421    -0.2940    -0.2947  30.167990  30.167740     1.5061    90.0911     4.3941     0.0226     0.0320     3.7397     0.2227     0.0000 1.000e-012 -9.000e+000      98.53    6.52345    34.9563    34.9567    -0.5084    28.0967    1505.01         26        222
      99308   3417.000   3354.395    -0.2939    -0.2945  30.168459  30.168168     1.5059    90.0925     4.3942     0.0229     0.0325     3.7665     0.2237     0.0000 1.000e-012 -9.000e+000      98.54    6.52310    34.9563    34.9566    -0.5084    28.0967    1505.03         26        222
      99335   3418.000   3355.369    -0.2939    -0.2945  30.168900  30.168636     1.5056    90.0825     4.3937     0.0228     0.0323     3.6989     0.2210     0.0000 1.000e-012 -9.000e+000      98.53    6.52217    34.9564    34.9567    -0.5085    28.0968    1505.05         26        222
      99360   3419.000   3356.343    -0.2938    -0.2944  30.169357  30.169087     1.5055    90.0938     4.3943     0.0222     0.0312     3.7194     0.2218     0.0000 1.000e-012 -9.000e+000      98.54    6.52242    34.9564    34.9567    -0.5085    28.0968    1505.06         26        222
      99387   3420.000   3357.316    -0.2937    -0.2943  30.169816  30.169491     1.5054    90.0919     4.3942     0.0227     0.0320     3.7063     0.2213     0.0000 1.000e-012 -9.000e+000      98.53    6.52267    34.9564    34.9567    -0.5085    28.0968    1505.08         27        222
      99413   3421.000   3358.291    -0.2936    -0.2942  30.170212  30.169917     1.5054    90.0917     4.3942     0.0229     0.0325     3.7237     0.2220     0.0000 1.000e-012 -9.000e+000      98.53    6.52352    34.9563    34.9566    -0.5085    28.0967    1505.10         25        222
      99439   3422.000   3359.265    -0.2935    -0.2941  30.170650  30.170447     1.5047    90.0939     4.3943     0.0222     0.0311     3.7753     0.2241     0.0000 1.000e-012 -9.000e+000      98.54    6.52018    34.9563    34.9567    -0.5084    28.0967    1505.12         27        222
      99465   3423.000   3360.239    -0.2934    -0.2940  30.171092  30.170808     1.5049    90.0899     4.3941     0.0224     0.0314     3.5719     0.2158     0.0000 1.000e-012 -9.000e+000      98.53    6.52222    34.9563    34.9566    -0.5084    28.0967    1505.13         26        222
      99491   3424.000   3361.213    -0.2933    -0.2939  30.171560  30.171278     1.5051    90.0947     4.3943     0.0222     0.0311     3.7074     0.2213     0.0000 1.000e-012 -9.000e+000      98.54    6.52426    34.9563    34.9566    -0.5084    28.0967    1505.15         26        222
      99518   3425.000   3362.186    -0.2931    -0.2938  30.172093  30.171771     1.5044    90.0915     4.3942     0.0225     0.0318     3.6316     0.2183     0.0000 1.000e-012 -9.000e+000      98.54    6.52090    34.9563    34.9567    -0.5083    28.0967    1505.17         26        222
      99544   3426.000   3363.160    -0.2931    -0.2937  30.172410  30.172208     1.5047    90.0914     4.3942     0.0230     0.0326     3.6589     0.2194     0.0000 1.000e-012 -9.000e+000      98.54    6.52356    34.9563    34.9567    -0.5084    28.0967    1505.19         27        222
      99570   3427.000   3364.134    -0.2930    -0.2936  30.172923  30.172623     1.5044    90.0927     4.3942     0.0227     0.0321     3.7076     0.2213     0.0000 1.000e-012 -9.000e+000      98.54    6.52261    34.9564    34.9566    -0.5084    28.0967    1505.21         26        222
      99596   3428.000   3365.108    -0.2929    -0.2935  30.173315  30.173050     1.5042    90.0831     4.3938     0.0226     0.0319     3.6601     0.2194     0.0000 1.000e-012 -9.000e+000      98.53    6.52226    34.9563    34.9566    -0.5084    28.0967    1505.22         26        222
      99622   3429.000   3366.082    -0.2928    -0.2934  30.173797  30.173483     1.5044    90.0904     4.3941     0.0222     0.0312     3.7301     0.2223     0.0000 1.000e-012 -9.000e+000      98.54    6.52430    34.9563    34.9566    -0.5084    28.0967    1505.24         26        222
      99648   3430.000   3367.057    -0.2928    -0.2933  30.174255  30.173848     1.5039    90.0886     4.3940     0.0227     0.0320     3.7383     0.2226     0.0000 1.000e-012 -9.000e+000      98.53    6.52217    34.9565    34.9565    -0.5085    28.0968    1505.26         26        222
      99675   3431.000   3368.030    -0.2927    -0.2932  30.174665  30.174405     1.5040    90.0889     4.3940     0.0224     0.0316     3.7043     0.2212     0.0000 1.000e-012 -9.000e+000      98.53    6.52361    34.9564    34.9566    -0.5085    28.0968    1505.28         26        222
      99701   3432.000   3369.004    -0.2925    -0.2931  30.175089  30.174818     1.5034    90.0831     4.3938     0.0224     0.0315     3.7513     0.2231     0.0000 1.000e-012 -9.000e+000      98.54    6.52086    34.9563    34.9566    -0.5084    28.0967    1505.29         26        222
      99727   3433.000   3369.978    -0.2925    -0.2930  30.175546  30.175270     1.5038    90.0900     4.3941     0.0230     0.0327     3.6993     0.2210     0.0000 1.000e-012 -9.000e+000      98.53    6.52411    34.9564    34.9566    -0.5085    28.0968    1505.31         26        222
      99753   3434.000   3370.952    -0.2924    -0.2930  30.176007  30.175701     1.5036    90.0899     4.3941     0.0223     0.0313     3.7077     0.2213     0.0000 1.000e-012 -9.000e+000      98.54    6.52376    34.9564    34.9567    -0.5085    28.0968    1505.33         26        222
      99779   3435.000   3371.926    -0.2923    -0.2929  30.176489  30.176184     1.5033    90.0928     4.3942     0.0226     0.0318     3.6603     0.2194     0.0000 1.000e-012 -9.000e+000      98.54    6.52281    34.9564    34.9567    -0.5085    28.0968    1505.35         26        222
      99805   3436.000   3372.900    -0.2922    -0.2928  30.176900  30.176583     1.5032    90.0911     4.3941     0.0225     0.0316     3.7153     0.2216     0.0000 1.000e-012 -9.000e+000      98.53    6.52305    34.9564    34.9566    -0.5084    28.0968    1505.36         27        222
      99831   3437.000   3373.874    -0.2921    -0.2927  30.177338  30.177053     1.5030    90.0880     4.3940     0.0226     0.0319     3.7502     0.2231     0.0000 1.000e-012 -9.000e+000      98.54    6.52270    34.9564    34.9567    -0.5084    28.0967    1505.38         26        222
      99857   3438.000   3374.848    -0.2919    -0.2926  30.177787  30.177544     1.5029    90.0892     4.3940     0.0227     0.0321     3.6347     0.2184     0.0000 1.000e-012 -9.000e+000      98.53    6.52293    34.9563    34.9567    -0.5083    28.0967    1505.40         26        222
      99884   3439.000   3375.822    -0.2919    -0.2925  30.178220  30.177942     1.5026    90.0908     4.3941     0.0225     0.0317     3.6579     0.2193     0.0000 1.000e-012 -9.000e+000      98.53    6.52200    34.9563    34.9567    -0.5084    28.0967    1505.42         27        222
      99910   3440.000   3376.795    -0.2918    -0.2924  30.178659  30.178377     1.5026    90.0956     4.3943     0.0222     0.0311     3.6303     0.2181     0.0000 1.000e-012 -9.000e+000      98.54    6.52284    34.9563    34.9566    -0.5084    28.0967    1505.43         26        222
      99936   3441.000   3377.769    -0.2917    -0.2923  30.179089  30.178802     1.5023    90.0922     4.3942     0.0220     0.0308     3.7390     0.2226     0.0000 1.000e-012 -9.000e+000      98.53    6.52189    34.9563    34.9566    -0.5084    28.0967    1505.45         26        222
      99963   3442.000   3378.743    -0.2916    -0.2923  30.179544  30.179344     1.5018    90.0933     4.3942     0.0225     0.0317     3.6196     0.2177     0.0000 1.000e-012 -9.000e+000      98.54    6.51975    34.9563    34.9568    -0.5084    28.0967    1505.47         27        222
      99989   3443.000   3379.717    -0.2915    -0.2921  30.180000  30.179709     1.5020    90.0880     4.3940     0.0224     0.0315     3.6834     0.2203     0.0000 1.000e-012 -9.000e+000      98.54    6.52179    34.9563    34.9566    -0.5084    28.0967    1505.49         25        222
     100015   3444.000   3380.691    -0.2914    -0.2920  30.180406  30.180147     1.5017    90.0889     4.3940     0.0223     0.0313     3.6282     0.2181     0.0000 1.000e-012 -9.000e+000      98.54    6.52084    34.9563    34.9566    -0.5084    28.0967    1505.51         26        222
