d201211_0015.cnv
* Sea-Bird SBE 9 Data File:
* FileName = C:\2012-11\CTD Raw\201211-0015.hdr
* Software Version Seasave V 7.21d
* Temperature SN = 4322
* Conductivity SN = 2809
* Number of Bytes Per Scan = 40
* Number of Voltage Words = 5
* Number of Scans Averaged by the Deck Unit = 1
* NMEA Latitude = 74 57.59 N
* NMEA Longitude = 149 56.95 W
* NMEA UTC (Time) = Aug 11 2012 09:25:53
* NMEA baud rate = 4800
** Ship:  CCGS Louis St-Laurent
** Cruise:  2012-11
** Station:   CB-4
** Depth (m):  3823
# nquan = 26
# nvalues = 3889                        
# units = specified
# name 0 = scan: Scan Count
# name 1 = prDM: Pressure, Digiquartz [db]
# name 2 = depSM: Depth [salt water, m]
# name 3 = t090C: Temperature [ITS-90, deg C]
# name 4 = t190C: Temperature, 2 [ITS-90, deg C]
# name 5 = c0mS/cm: Conductivity [mS/cm]
# name 6 = c1mS/cm: Conductivity, 2 [mS/cm]
# name 7 = sbeox0V: Oxygen raw, SBE 43 [V]
# name 8 = CStarTr0: Beam Transmission, WET Labs C-Star [%]
# name 9 = v1: Voltage 1
# name 10 = flSP: Fluorescence, Seapoint
# name 11 = v0: Voltage 0
# name 12 = wetCDOM: Fluorescence, WET Labs CDOM [mg/m^3]
# name 13 = v4: Voltage 4
# name 14 = upoly0: Upoly 0, ISUS
# name 15 = par: PAR/Irradiance, Biospherical/Licor
# name 16 = spar: SPAR/Surface Irradiance
# name 17 = altM: Altimeter [m]
# name 18 = sbeox0ML/L: Oxygen, SBE 43 [ml/l], WS = 1
# name 19 = sal00: Salinity, Practical [PSU]
# name 20 = sal11: Salinity, Practical, 2 [PSU]
# name 21 = potemp090C: Potential Temperature [ITS-90, deg C]
# name 22 = sigma-é00: Density [sigma-theta, Kg/m^3]
# name 23 = svCM: Sound Velocity [Chen-Millero, m/s]
# name 24 = nbin: number of scans per bin
# name 25 = flag: flag
# span 0 =       8072,     112749       
# span 1 =      1.000,   3889.000       
# span 2 =      0.990,   3813.641       
# span 3 =    -1.5382,     0.7890       
# span 4 =    -1.5388,     0.7890       
# span 5 =  20.920841,  30.375331       
# span 6 =  20.920987,  30.375051       
# span 7 =     1.4419,     2.6695       
# span 8 =    89.4936,    90.1251       
# span 9 =     4.3654,     4.3957       
# span 10 = 2.9617e-02, 5.6040e-01      
# span 11 =     0.0296,     0.5604      
# span 12 =     3.2302,     5.3610      
# span 13 =     0.2018,     0.2888      
# span 14 =  0.0000000,  0.0000000      
# span 15 = 1.0000e-12, 1.0000e-12      
# span 16 = 7.6900e+00, 1.3571e+01      
# span 17 =       9.70,      98.63      
# span 18 =    5.92340,    8.94752      
# span 19 =    24.8742,    34.9555      
# span 20 =    24.8761,    34.9556      
# span 21 =    -1.5422,     0.7669      
# span 22 =    19.9495,    28.0961      
# span 23 =    1432.99,    1513.40      
# span 24 =         21,        213      
# span 25 = 0.0000e+00, 0.0000e+00      
# interval = decibars: 1                
# start_time = Aug 11 2012 09:25:53 [NMEA time, header]
# bad_flag = -9.990e-29
*END*
[from data line 2889]
      85608   2890.000   2840.489    -0.3427    -0.3432  29.930446  29.930123     1.5846    90.0757     4.3934     0.0219     0.0306     3.6036     0.2171     0.0000 1.000e-012 -9.000e+000      98.54    6.53082    34.9559    34.9560    -0.5107    28.0965    1495.75         25        222
      85634   2891.000   2841.466    -0.3426    -0.3431  29.930903  29.930578     1.5842    90.0863     4.3939     0.0229     0.0324     3.7320     0.2223     0.0000 1.000e-012 -9.000e+000      98.54    6.52944    34.9559    34.9560    -0.5107    28.0965    1495.77         26        222
      85659   2892.000   2842.442    -0.3425    -0.3431  29.931374  29.931069     1.5837    90.0787     4.3935     0.0224     0.0315     3.6498     0.2190     0.0000 1.000e-012 -9.000e+000      98.54    6.52750    34.9559    34.9562    -0.5107    28.0965    1495.79         26        222
      85685   2893.000   2843.418    -0.3424    -0.3430  29.931857  29.931521     1.5837    90.0847     4.3938     0.0223     0.0313     3.7138     0.2216     0.0000 1.000e-012 -9.000e+000      98.54    6.52834    34.9559    34.9562    -0.5107    28.0965    1495.80         25        222
      85710   2894.000   2844.395    -0.3424    -0.3429  29.932250  29.931998     1.5837    90.0800     4.3936     0.0225     0.0318     3.6069     0.2172     0.0000 1.000e-012 -9.000e+000      98.53    6.52920    34.9559    34.9562    -0.5107    28.0965    1495.82         25        222
      85736   2895.000   2845.371    -0.3422    -0.3428  29.932656  29.932439     1.5835    90.0804     4.3936     0.0224     0.0315     3.6099     0.2173     0.0000 1.000e-012 -9.000e+000      98.54    6.52892    34.9558    34.9561    -0.5106    28.0964    1495.84         26        222
      85761   2896.000   2846.347    -0.3421    -0.3427  29.933158  29.932880     1.5835    90.0855     4.3939     0.0227     0.0322     3.6346     0.2183     0.0000 1.000e-012 -9.000e+000      98.53    6.52976    34.9558    34.9561    -0.5106    28.0964    1495.86         25        222
      85786   2897.000   2847.323    -0.3421    -0.3426  29.933612  29.933383     1.5831    90.0815     4.3937     0.0221     0.0309     3.6660     0.2196     0.0000 1.000e-012 -9.000e+000      98.54    6.52839    34.9559    34.9562    -0.5107    28.0965    1495.87         26        222
      85812   2898.000   2848.300    -0.3419    -0.3426  29.934117  29.933811     1.5831    90.0847     4.3938     0.0220     0.0308     3.5984     0.2168     0.0000 1.000e-012 -9.000e+000      98.54    6.52921    34.9558    34.9562    -0.5106    28.0964    1495.89         24        222
      85837   2899.000   2849.276    -0.3419    -0.3424  29.934587  29.934323     1.5828    90.0820     4.3937     0.0226     0.0318     3.6826     0.2203     0.0000 1.000e-012 -9.000e+000      98.53    6.52840    34.9560    34.9562    -0.5107    28.0965    1495.91         26        222
      85862   2900.000   2850.252    -0.3418    -0.3423  29.934980  29.934642     1.5830    90.0815     4.3937     0.0220     0.0308     3.6548     0.2192     0.0000 1.000e-012 -9.000e+000      98.53    6.53036    34.9559    34.9560    -0.5106    28.0964    1495.93         25        222
      85888   2901.000   2851.229    -0.3418    -0.3423  29.935473  29.935168     1.5827    90.0822     4.3937     0.0224     0.0315     3.5870     0.2164     0.0000 1.000e-012 -9.000e+000      98.54    6.52954    34.9560    34.9562    -0.5107    28.0966    1495.94         26        222
      85913   2902.000   2852.205    -0.3417    -0.3422  29.935943  29.935668     1.5827    90.0794     4.3936     0.0221     0.0310     3.7364     0.2225     0.0000 1.000e-012 -9.000e+000      98.53    6.53039    34.9560    34.9562    -0.5107    28.0966    1495.96         25        222
      85939   2903.000   2853.181    -0.3416    -0.3421  29.936364  29.936041     1.5826    90.0736     4.3933     0.0225     0.0318     3.7206     0.2219     0.0000 1.000e-012 -9.000e+000      98.53    6.53068    34.9560    34.9561    -0.5107    28.0965    1495.98         26        222
      85964   2904.000   2854.157    -0.3415    -0.3420  29.936835  29.936509     1.5824    90.0825     4.3937     0.0223     0.0313     3.6245     0.2179     0.0000 1.000e-012 -9.000e+000      98.53    6.53040    34.9560    34.9561    -0.5107    28.0965    1496.00         26        222
      85990   2905.000   2855.133    -0.3415    -0.3420  29.937273  29.936911     1.5823    90.0828     4.3937     0.0226     0.0320     3.6107     0.2173     0.0000 1.000e-012 -9.000e+000      98.53    6.53071    34.9561    34.9561    -0.5108    28.0966    1496.01         25        222
      86015   2906.000   2856.110    -0.3413    -0.3419  29.937683  29.937419     1.5823    90.0805     4.3936     0.0225     0.0318     3.6053     0.2171     0.0000 1.000e-012 -9.000e+000      98.53    6.53154    34.9559    34.9562    -0.5106    28.0964    1496.03         26        222
      86040   2907.000   2857.086    -0.3412    -0.3418  29.938158  29.937922     1.5821    90.0802     4.3936     0.0221     0.0310     3.5817     0.2162     0.0000 1.000e-012 -9.000e+000      98.53    6.53127    34.9559    34.9562    -0.5106    28.0965    1496.05         25        222
      86066   2908.000   2858.062    -0.3412    -0.3417  29.938645  29.938297     1.5819    90.0775     4.3935     0.0225     0.0317     3.5927     0.2166     0.0000 1.000e-012 -9.000e+000      98.53    6.53101    34.9560    34.9561    -0.5107    28.0966    1496.07         25        222
      86091   2909.000   2859.038    -0.3411    -0.3416  29.939076  29.938789     1.5818    90.0792     4.3936     0.0227     0.0321     3.6554     0.2192     0.0000 1.000e-012 -9.000e+000      98.53    6.53129    34.9560    34.9562    -0.5107    28.0965    1496.08         25        222
      86117   2910.000   2860.015    -0.3410    -0.3415  29.939547  29.939189     1.5816    90.0803     4.3936     0.0229     0.0324     3.6988     0.2210     0.0000 1.000e-012 -9.000e+000      98.53    6.53102    34.9560    34.9561    -0.5107    28.0965    1496.10         26        222
      86142   2911.000   2860.991    -0.3409    -0.3414  29.940030  29.939749     1.5812    90.0803     4.3936     0.0223     0.0313     3.6987     0.2210     0.0000 1.000e-012 -9.000e+000      98.53    6.52963    34.9560    34.9562    -0.5107    28.0966    1496.12         25        222
      86168   2912.000   2861.967    -0.3408    -0.3413  29.940443  29.940169     1.5813    90.0801     4.3936     0.0225     0.0317     3.6623     0.2195     0.0000 1.000e-012 -9.000e+000      98.53    6.53103    34.9559    34.9561    -0.5106    28.0965    1496.14         26        222
      86193   2913.000   2862.943    -0.3407    -0.3413  29.940839  29.940614     1.5809    90.0818     4.3937     0.0225     0.0317     3.6708     0.2198     0.0000 1.000e-012 -9.000e+000      98.53    6.52965    34.9559    34.9562    -0.5106    28.0964    1496.15         25        222
      86218   2914.000   2863.919    -0.3406    -0.3412  29.941350  29.941034     1.5810    90.0744     4.3933     0.0226     0.0319     3.6401     0.2186     0.0000 1.000e-012 -9.000e+000      98.53    6.53105    34.9559    34.9562    -0.5106    28.0965    1496.17         26        222
      86244   2915.000   2864.895    -0.3405    -0.3411  29.941804  29.941450     1.5806    90.0801     4.3936     0.0225     0.0318     3.5795     0.2161     0.0000 1.000e-012 -9.000e+000      98.53    6.52966    34.9559    34.9561    -0.5106    28.0965    1496.19         25        222
      86269   2916.000   2865.872    -0.3405    -0.3410  29.942206  29.941894     1.5805    90.0798     4.3936     0.0224     0.0315     3.7094     0.2214     0.0000 1.000e-012 -9.000e+000      98.53    6.52996    34.9559    34.9561    -0.5107    28.0965    1496.21         25        222
      86295   2917.000   2866.848    -0.3403    -0.3410  29.942682  29.942351     1.5807    90.0756     4.3934     0.0226     0.0318     3.7087     0.2214     0.0000 1.000e-012 -9.000e+000      98.53    6.53191    34.9558    34.9562    -0.5106    28.0964    1496.22         26        222
      86320   2918.000   2867.824    -0.3402    -0.3408  29.943122  29.942861     1.5801    90.0740     4.3933     0.0223     0.0313     3.6200     0.2177     0.0000 1.000e-012 -9.000e+000      98.53    6.52940    34.9558    34.9561    -0.5106    28.0964    1496.24         26        222
      86346   2919.000   2868.800    -0.3402    -0.3407  29.943602  29.943301     1.5800    90.0792     4.3936     0.0228     0.0323     3.7729     0.2240     0.0000 1.000e-012 -9.000e+000      98.53    6.52970    34.9559    34.9561    -0.5106    28.0965    1496.26         26        222
      86372   2920.000   2869.777    -0.3401    -0.3407  29.943997  29.943704     1.5799    90.0833     4.3938     0.0227     0.0321     3.6927     0.2207     0.0000 1.000e-012 -9.000e+000      98.53    6.52999    34.9559    34.9561    -0.5106    28.0964    1496.28         26        222
      86398   2921.000   2870.753    -0.3400    -0.3406  29.944538  29.944212     1.5799    90.0798     4.3936     0.0228     0.0323     3.6555     0.2192     0.0000 1.000e-012 -9.000e+000      98.53    6.53083    34.9560    34.9562    -0.5106    28.0965    1496.29         26        222
      86425   2922.000   2871.729    -0.3398    -0.3404  29.944916  29.944711     1.5799    90.0819     4.3937     0.0223     0.0314     3.6898     0.2206     0.0000 1.000e-012 -9.000e+000      98.53    6.53166    34.9557    34.9561    -0.5105    28.0963    1496.31         25        222
      86450   2923.000   2872.705    -0.3398    -0.3404  29.945412  29.945077     1.5796    90.0795     4.3936     0.0224     0.0315     3.6322     0.2182     0.0000 1.000e-012 -9.000e+000      98.53    6.53084    34.9559    34.9561    -0.5106    28.0965    1496.33         27        222
      86476   2924.000   2873.681    -0.3397    -0.3403  29.945851  29.945527     1.5793    90.0811     4.3937     0.0219     0.0305     3.6854     0.2204     0.0000 1.000e-012 -9.000e+000      98.53    6.53001    34.9558    34.9561    -0.5106    28.0964    1496.35         26        222
      86502   2925.000   2874.658    -0.3396    -0.3402  29.946291  29.946033     1.5793    90.0812     4.3937     0.0223     0.0314     3.6732     0.2199     0.0000 1.000e-012 -9.000e+000      98.53    6.53085    34.9558    34.9561    -0.5105    28.0964    1496.36         26        222
      86528   2926.000   2875.634    -0.3395    -0.3402  29.946807  29.946462     1.5790    90.0825     4.3937     0.0219     0.0306     3.6227     0.2179     0.0000 1.000e-012 -9.000e+000      98.53    6.53002    34.9559    34.9562    -0.5105    28.0965    1496.38         25        222
      86554   2927.000   2876.610    -0.3395    -0.3401  29.947195  29.946987     1.5788    90.0838     4.3938     0.0225     0.0317     3.6629     0.2195     0.0000 1.000e-012 -9.000e+000      98.53    6.52976    34.9559    34.9563    -0.5106    28.0965    1496.40         27        222
      86580   2928.000   2877.586    -0.3394    -0.3400  29.947694  29.947386     1.5790    90.0742     4.3933     0.0225     0.0317     3.6969     0.2209     0.0000 1.000e-012 -9.000e+000      98.53    6.53172    34.9559    34.9562    -0.5106    28.0965    1496.42         25        222
      86606   2929.000   2878.562    -0.3393    -0.3399  29.948117  29.947758     1.5785    90.0802     4.3936     0.0226     0.0318     3.7243     0.2220     0.0000 1.000e-012 -9.000e+000      98.53    6.52977    34.9559    34.9561    -0.5106    28.0965    1496.43         26        222
      86632   2930.000   2879.538    -0.3392    -0.3398  29.948559  29.948304     1.5785    90.0782     4.3935     0.0222     0.0311     3.6125     0.2174     0.0000 1.000e-012 -9.000e+000      98.53    6.53061    34.9559    34.9562    -0.5106    28.0964    1496.45         26        222
      86657   2931.000   2880.514    -0.3391    -0.3397  29.949020  29.948691     1.5784    90.0795     4.3936     0.0223     0.0313     3.6384     0.2186     0.0000 1.000e-012 -9.000e+000      98.53    6.53090    34.9559    34.9561    -0.5105    28.0964    1496.47         26        222
      86683   2932.000   2881.490    -0.3391    -0.3397  29.949508  29.949128     1.5782    90.0760     4.3934     0.0223     0.0313     3.6112     0.2174     0.0000 1.000e-012 -9.000e+000      98.53    6.53064    34.9560    34.9562    -0.5106    28.0966    1496.49         26        222
      86709   2933.000   2882.466    -0.3389    -0.3396  29.950004  29.949630     1.5777    90.0897     4.3941     0.0225     0.0316     3.5631     0.2154     0.0000 1.000e-012 -9.000e+000      98.53    6.52867    34.9559    34.9562    -0.5105    28.0965    1496.50         26        222
      86735   2934.000   2883.442    -0.3389    -0.3395  29.950330  29.950044     1.5775    90.0813     4.3937     0.0221     0.0310     3.5921     0.2166     0.0000 1.000e-012 -9.000e+000      98.53    6.52841    34.9559    34.9562    -0.5106    28.0964    1496.52         26        222
      86761   2935.000   2884.419    -0.3388    -0.3394  29.950731  29.950484     1.5777    90.0726     4.3932     0.0223     0.0313     3.6231     0.2179     0.0000 1.000e-012 -9.000e+000      98.53    6.53038    34.9558    34.9561    -0.5106    28.0964    1496.54         26        222
      86787   2936.000   2885.395    -0.3387    -0.3393  29.951189  29.950918     1.5772    90.0814     4.3937     0.0225     0.0318     3.6876     0.2205     0.0000 1.000e-012 -9.000e+000      98.54    6.52842    34.9558    34.9561    -0.5106    28.0964    1496.56         25        222
      86813   2937.000   2886.371    -0.3387    -0.3392  29.951721  29.951350     1.5774    90.0838     4.3938     0.0229     0.0324     3.6310     0.2182     0.0000 1.000e-012 -9.000e+000      98.53    6.53040    34.9560    34.9560    -0.5107    28.0965    1496.57         26        222
      86839   2938.000   2887.347    -0.3385    -0.3391  29.952155  29.951835     1.5770    90.0820     4.3937     0.0226     0.0320     3.6682     0.2197     0.0000 1.000e-012 -9.000e+000      98.53    6.52899    34.9558    34.9561    -0.5105    28.0964    1496.59         26        222
      86864   2939.000   2888.323    -0.3385    -0.3390  29.952598  29.952327     1.5770    90.0727     4.3933     0.0222     0.0312     3.5790     0.2161     0.0000 1.000e-012 -9.000e+000      98.53    6.52985    34.9559    34.9561    -0.5106    28.0965    1496.61         26        222
      86890   2940.000   2889.299    -0.3384    -0.3389  29.953071  29.952793     1.5770    90.0769     4.3935     0.0226     0.0319     3.6278     0.2181     0.0000 1.000e-012 -9.000e+000      98.53    6.53069    34.9559    34.9561    -0.5106    28.0965    1496.63         26        222
      86916   2941.000   2890.275    -0.3383    -0.3389  29.953545  29.953234     1.5767    90.0787     4.3935     0.0223     0.0314     3.6384     0.2185     0.0000 1.000e-012 -9.000e+000      98.53    6.52986    34.9559    34.9562    -0.5106    28.0965    1496.64         26        222
      86942   2942.000   2891.251    -0.3382    -0.3388  29.953935  29.953616     1.5764    90.0732     4.3933     0.0225     0.0317     3.6486     0.2190     0.0000 1.000e-012 -9.000e+000      98.53    6.52902    34.9558    34.9561    -0.5106    28.0964    1496.66         26        222
      86968   2943.000   2892.227    -0.3381    -0.3387  29.954404  29.954133     1.5763    90.0803     4.3936     0.0230     0.0328     3.6951     0.2208     0.0000 1.000e-012 -9.000e+000      98.53    6.52931    34.9558    34.9562    -0.5106    28.0964    1496.68         25        222
      86994   2944.000   2893.203    -0.3380    -0.3387  29.954904  29.954581     1.5762    90.0789     4.3936     0.0225     0.0318     3.6788     0.2202     0.0000 1.000e-012 -9.000e+000      98.54    6.52959    34.9559    34.9563    -0.5105    28.0965    1496.70         26        222
