d201211_0048.cnv
* Sea-Bird SBE 9 Data File:
* FileName = C:\2012-11\CTD Raw\201211-0048.hdr
* Software Version Seasave V 7.21d
* Temperature SN = 4397
* Conductivity SN = 2992
* Number of Bytes Per Scan = 40
* Number of Voltage Words = 5
* Number of Scans Averaged by the Deck Unit = 1
* NMEA Latitude = 76 01.05 N
* NMEA Longitude = 175 17.49 W
* NMEA UTC (Time) = Sep 01 2012 07:04:55
* NMEA baud rate = 4800
** Ship:  CCGS Louis St-Laurent
** Cruise:  2012-11
** Station:   CAP-10
** Depth (m):  2100
# nquan = 26
# nvalues = 543                         
# units = specified
# name 0 = scan: Scan Count
# name 1 = prDM: Pressure, Digiquartz [db]
# name 2 = depSM: Depth [salt water, m]
# name 3 = t090C: Temperature [ITS-90, deg C]
# name 4 = t190C: Temperature, 2 [ITS-90, deg C]
# name 5 = c0mS/cm: Conductivity [mS/cm]
# name 6 = c1mS/cm: Conductivity, 2 [mS/cm]
# name 7 = sbeox0V: Oxygen raw, SBE 43 [V]
# name 8 = CStarTr0: Beam Transmission, WET Labs C-Star [%]
# name 9 = v1: Voltage 1
# name 10 = flSP: Fluorescence, Seapoint
# name 11 = v0: Voltage 0
# name 12 = wetCDOM: Fluorescence, WET Labs CDOM [mg/m^3]
# name 13 = v4: Voltage 4
# name 14 = upoly0: Upoly 0, ISUS
# name 15 = par: PAR/Irradiance, Biospherical/Licor
# name 16 = spar: SPAR/Surface Irradiance
# name 17 = altM: Altimeter [m]
# name 18 = sbeox0ML/L: Oxygen, SBE 43 [ml/l], WS = 1
# name 19 = sal00: Salinity, Practical [PSU]
# name 20 = sal11: Salinity, Practical, 2 [PSU]
# name 21 = potemp090C: Potential Temperature [ITS-90, deg C]
# name 22 = sigma-é00: Density [sigma-theta, Kg/m^3]
# name 23 = svCM: Sound Velocity [Chen-Millero, m/s]
# name 24 = nbin: number of scans per bin
# name 25 = flag: flag
# span 0 =      12566,      33247       
# span 1 =      1.000,    543.000       
# span 2 =      0.990,    536.631       
# span 3 =    -1.4462,     0.9134       
# span 4 =    -1.4463,     0.9131       
# span 5 =  21.795445,  29.915515       
# span 6 =  21.786086,  29.915623       
# span 7 =     1.9279,     2.6578       
# span 8 =    83.3921,    89.7152       
# span 9 =     4.0716,     4.3760       
# span 10 = 3.1067e-02, 1.0143e+00      
# span 11 =     0.0310,     1.0143      
# span 12 =     2.8376,     5.2683      
# span 13 =     0.1858,     0.2850      
# span 14 =  0.1763586,  0.6710352      
# span 15 = 1.0000e-12, 1.0000e-12      
# span 16 = 0.0000e+00, 0.0000e+00      
# span 17 =      97.92,      98.40      
# span 18 =    5.66456,    8.55163      
# span 19 =    25.7218,    34.8529      
# span 20 =    25.7103,    34.8538      
# span 21 =    -1.4497,     0.8918      
# span 22 =    20.6277,    27.9439      
# span 23 =    1435.76,    1461.34      
# span 24 =         19,         85      
# span 25 = 0.0000e+00, 0.0000e+00      
# interval = decibars: 1                
# start_time = Sep 01 2012 07:04:55 [NMEA time, header]
# bad_flag = -9.990e-29
*END*
[from data line 167]
      21090    168.000    166.180    -1.4265    -1.4271  26.530754  26.530263     1.9791    89.1044     4.3466     0.0312     0.0481     5.1882     0.2818     0.6314 1.000e-012 -9.000e+000      97.96    6.28845    33.1172    33.1171    -1.4301    26.6407    1442.64         39        222
      21129    169.000    167.168    -1.4191    -1.4197  26.549831  26.549756     1.9763    89.0961     4.3462     0.0305     0.0468     5.1402     0.2798     0.6228 1.000e-012 -9.000e+000      97.96    6.27621    33.1345    33.1351    -1.4227    26.6546    1442.72         40        222
      21173    170.000    168.157    -1.4068    -1.4075  26.581875  26.581505     1.9738    89.1114     4.3470     0.0312     0.0481     5.1448     0.2800     0.6452 1.000e-012 -9.000e+000      97.97    6.26374    33.1643    33.1646    -1.4105    26.6784    1442.84         48        222
      21220    171.000    169.146    -1.4022    -1.4029  26.593266  26.592523     1.9709    89.1260     4.3477     0.0305     0.0469     5.1271     0.2793     0.6350 1.000e-012 -9.000e+000      97.96    6.25195    33.1742    33.1740    -1.4059    26.6864    1442.89         44        222
      21262    172.000    170.135    -1.3988    -1.3993  26.603154  26.603046     1.9668    89.1371     4.3482     0.0307     0.0472     5.1275     0.2793     0.6350 1.000e-012 -9.000e+000      97.96    6.23556    33.1834    33.1838    -1.4026    26.6937    1442.93         41        222
      21305    173.000    171.124    -1.3897    -1.3903  26.625153  26.624908     1.9616    89.1224     4.3475     0.0310     0.0478     5.1406     0.2798     0.5944 1.000e-012 -9.000e+000      97.96    6.21321    33.2029    33.2032    -1.3935    26.7093    1443.02         47        222
      21351    174.000    172.112    -1.3732    -1.3737  26.656069  26.656018     1.9582    89.1235     4.3476     0.0315     0.0488     5.1544     0.2804     0.6193 1.000e-012 -9.000e+000      97.96    6.19666    33.2264    33.2269    -1.3771    26.7279    1443.14         42        222
      21390    175.000    173.101    -1.3591    -1.3597  26.684154  26.683919     1.9559    89.1124     4.3470     0.0311     0.0479     5.0706     0.2769     0.6444 1.000e-012 -9.000e+000      97.96    6.18509    33.2486    33.2490    -1.3630    26.7455    1443.26         38        222
      21433    176.000    174.090    -1.3519    -1.3529  26.705255  26.704041     1.9546    89.1439     4.3485     0.0303     0.0465     5.0934     0.2779     0.6436 1.000e-012 -9.000e+000      97.96    6.17890    33.2690    33.2684    -1.3559    26.7618    1443.34         49        222
      21484    177.000    175.078    -1.3438    -1.3444  26.727399  26.726989     1.9536    89.1372     4.3482     0.0309     0.0475     5.1739     0.2812     0.6580 1.000e-012 -9.000e+000      97.96    6.17375    33.2897    33.2898    -1.3478    26.7784    1443.42         48        222
      21526    178.000    176.067    -1.3371    -1.3377  26.751527  26.751410     1.9533    89.1644     4.3495     0.0304     0.0467     5.2542     0.2845     0.6435 1.000e-012 -9.000e+000      97.95    6.17151    33.3147    33.3152    -1.3411    26.7985    1443.50         38        222
      21563    179.000    177.056    -1.3274    -1.3280  26.777464  26.777242     1.9526    89.1766     4.3501     0.0307     0.0472     5.1729     0.2811     0.6301 1.000e-012 -9.000e+000      97.95    6.16715    33.3389    33.3392    -1.3315    26.8178    1443.60         36        222
      21598    180.000    178.044    -1.3199    -1.3205  26.802081  26.801803     1.9514    89.1750     4.3500     0.0305     0.0468     5.1660     0.2809     0.6274 1.000e-012 -9.000e+000      97.95    6.16114    33.3636    33.3639    -1.3240    26.8377    1443.68         34        222
      21635    181.000    179.033    -1.3079    -1.3084  26.828166  26.828000     1.9495    89.1672     4.3496     0.0310     0.0479     5.1314     0.2794     0.6128 1.000e-012 -9.000e+000      97.96    6.15164    33.3854    33.3857    -1.3121    26.8550    1443.79         41        222
      21678    182.000    180.022    -1.2897    -1.2905  26.864224  26.863781     1.9461    89.1750     4.3500     0.0310     0.0478     5.1462     0.2800     0.6291 1.000e-012 -9.000e+000      97.96    6.13467    33.4139    33.4142    -1.2940    26.8775    1443.93         43        222
      21716    183.000    181.011    -1.2783    -1.2790  26.888424  26.888282     1.9444    89.1583     4.3492     0.0312     0.0482     5.1164     0.2788     0.5961 1.000e-012 -9.000e+000      97.96    6.12619    33.4337    33.4343    -1.2826    26.8933    1444.02         34        222
      21748    184.000    181.999    -1.2658    -1.2664  26.911695  26.911355     1.9431    89.1670     4.3496     0.0313     0.0483     5.1475     0.2801     0.6502 1.000e-012 -9.000e+000      97.95    6.11925    33.4510    33.4512    -1.2702    26.9069    1444.12         32        222
      21784    185.000    182.988    -1.2486    -1.2494  26.937384  26.936897     1.9409    89.1474     4.3487     0.0308     0.0474     5.1482     0.2801     0.6380 1.000e-012 -9.000e+000      97.95    6.10793    33.4663    33.4666    -1.2530    26.9188    1444.24         40        222
      21828    186.000    183.977    -1.2347    -1.2350  26.972840  26.973041     1.9388    89.1446     4.3485     0.0307     0.0471     5.1056     0.2784     0.6206 1.000e-012 -9.000e+000      97.95    6.09687    33.4987    33.4993    -1.2392    26.9446    1444.37         46        222
      21871    187.000    184.965    -1.1990    -1.1997  27.041305  27.041058     1.9383    89.1574     4.3492     0.0306     0.0471     5.0773     0.2773     0.6252 1.000e-012 -9.000e+000      97.95    6.08753    33.5518    33.5522    -1.2036    26.9866    1444.63         40        222
      21909    188.000    185.954    -1.1773    -1.1782  27.085830  27.085312     1.9381    89.1844     4.3504     0.0305     0.0467     5.1488     0.2802     0.6261 1.000e-012 -9.000e+000      97.95    6.08263    33.5877    33.5880    -1.1820    27.0150    1444.80         37        222
      21947    189.000    186.943    -1.1629    -1.1633  27.119856  27.120118     1.9372    89.1871     4.3506     0.0316     0.0489     5.0971     0.2780     0.6697 1.000e-012 -9.000e+000      97.95    6.07648    33.6175    33.6183    -1.1676    27.0386    1444.92         39        222
      21986    190.000    187.931    -1.1367    -1.1371  27.170821  27.171311     1.9369    89.1928     4.3508     0.0298     0.0455     5.1010     0.2782     0.6113 1.000e-012 -9.000e+000      97.95    6.07024    33.6571    33.6582    -1.1415    27.0699    1445.11         40        222
      22032    191.000    188.920    -1.1181    -1.1215  27.209903  27.204019     1.9380    89.2008     4.3512     0.0302     0.0464     5.0729     0.2771     0.6135 1.000e-012 -9.000e+000      97.95    6.07132    33.6889    33.6847    -1.1230    27.0951    1445.26         52        222
      22087    192.000    189.909    -1.0951    -1.0985  27.255451  27.250614     1.9399    89.1874     4.3506     0.0313     0.0484     5.1426     0.2799     0.6161 1.000e-012 -9.000e+000      97.95    6.07468    33.7247    33.7219    -1.1000    27.1233    1445.44         55        222
      22139    193.000    190.897    -1.0741    -1.0768  27.296749  27.292908     1.9397    89.1878     4.3506     0.0300     0.0460     5.1042     0.2783     0.6020 1.000e-012 -9.000e+000      97.95    6.07011    33.7568    33.7546    -1.0791    27.1486    1445.59         50        222
      22189    194.000    191.886    -1.0471    -1.0493  27.344476  27.341509     1.9388    89.1780     4.3501     0.0295     0.0450     5.0736     0.2771     0.6318 1.000e-012 -9.000e+000      97.95    6.06160    33.7908    33.7893    -1.0522    27.1752    1445.78         50        222
      22236    195.000    192.874    -1.0176    -1.0181  27.393661  27.393846     1.9386    89.1966     4.3510     0.0301     0.0460     5.0332     0.2755     0.6374 1.000e-012 -9.000e+000      97.94    6.05551    33.8240    33.8249    -1.0228    27.2011    1445.99         44        222
      22279    196.000    193.863    -0.9961    -0.9971  27.431588  27.430849     1.9401    89.2316     4.3527     0.0296     0.0451     5.0270     0.2752     0.6270 1.000e-012 -9.000e+000      97.95    6.05792    33.8509    33.8510    -1.0014    27.2221    1446.14         45        222
      22330    197.000    194.852    -0.9840    -0.9857  27.454751  27.452705     1.9386    89.2540     4.3538     0.0301     0.0462     5.0568     0.2764     0.6139 1.000e-012 -9.000e+000      97.95    6.05036    33.8681    33.8673    -0.9893    27.2356    1446.24         57        222
      22386    198.000    195.840    -0.9622    -0.9629  27.489697  27.488973     1.9365    89.2445     4.3534     0.0300     0.0459     4.9694     0.2728     0.5806 1.000e-012 -9.000e+000      97.95    6.03850    33.8905    33.8903    -0.9676    27.2529    1446.39         50        222
      22427    199.000    196.829    -0.9297    -0.9306  27.535777  27.535428     1.9365    89.2628     4.3542     0.0295     0.0450     4.9278     0.2712     0.5843 1.000e-012 -9.000e+000      97.94    6.03307    33.9159    33.9165    -0.9352    27.2723    1446.59         35        222
      22464    200.000    197.818    -0.9110    -0.9117  27.568258  27.568015     1.9370    89.2682     4.3545     0.0300     0.0460     4.9032     0.2702     0.6095 1.000e-012 -9.000e+000      97.94    6.03217    33.9384    33.9388    -0.9166    27.2898    1446.72         43        222
      22521    201.000    198.806    -0.8899    -0.8990  27.603154  27.589753     1.9366    89.2905     4.3556     0.0297     0.0454     4.9292     0.2712     0.5727 1.000e-012 -9.000e+000      97.94    6.02723    33.9613    33.9534    -0.8955    27.3076    1446.87         65        222
      22575    202.000    199.795    -0.8631    -0.8635  27.646792  27.647389     1.9367    89.2946     4.3558     0.0297     0.0454     4.8574     0.2682     0.6101 1.000e-012 -9.000e+000      97.94    6.02308    33.9897    33.9910    -0.8688    27.3296    1447.05         43        222
      22615    203.000    200.783    -0.8432    -0.8444  27.682606  27.681707     1.9387    89.3780     4.3598     0.0291     0.0443     4.9014     0.2701     0.6057 1.000e-012 -9.000e+000      97.94    6.02783    34.0152    34.0154    -0.8490    27.3495    1447.20         42        222
      22666    204.000    201.772    -0.8686    -0.8667  27.671451  27.671892     1.9399    89.4383     4.3627     0.0293     0.0446     4.8964     0.2699     0.5845 1.000e-012 -9.000e+000      97.94    6.03776    34.0281    34.0266    -0.8744    27.3609    1447.11         58        222
      22719    205.000    202.760    -0.8771    -0.8770  27.680516  27.681358     1.9398    89.4384     4.3627     0.0289     0.0438     4.8220     0.2668     0.5928 1.000e-012 -9.000e+000      97.94    6.03922    34.0494    34.0504    -0.8829    27.3785    1447.12         45        222
      22760    206.000    203.749    -0.8406    -0.8413  27.732143  27.732314     1.9391    89.4228     4.3619     0.0287     0.0434     4.8158     0.2666     0.5904 1.000e-012 -9.000e+000      97.94    6.03021    34.0776    34.0786    -0.8465    27.3999    1447.34         41        222
      22809    207.000    204.738    -0.8093    -0.8132  27.772313  27.768160     1.9375    89.3958     4.3606     0.0289     0.0438     4.7704     0.2647     0.5958 1.000e-012 -9.000e+000      97.93    6.01895    34.0960    34.0948    -0.8153    27.4136    1447.53         57        222
      22865    208.000    205.726    -0.7740    -0.7743  27.817214  27.817179     1.9357    89.3985     4.3608     0.0289     0.0437     4.7470     0.2637     0.5748 1.000e-012 -9.000e+000      97.94    6.00614    34.1163    34.1166    -0.7801    27.4286    1447.74         49        222
      22907    209.000    206.715    -0.7483    -0.7493  27.853535  27.853043     1.9349    89.4029     4.3610     0.0290     0.0440     4.7876     0.2654     0.5869 1.000e-012 -9.000e+000      97.93    5.99902    34.1358    34.1363    -0.7545    27.4434    1447.90         39        222
      22949    210.000    207.703    -0.7218    -0.7223  27.891034  27.891032     1.9340    89.3946     4.3606     0.0290     0.0441     4.8378     0.2675     0.5840 1.000e-012 -9.000e+000      97.93    5.99135    34.1560    34.1565    -0.7281    27.4586    1448.07         47        222
      23003    211.000    208.692    -0.6795    -0.6854  27.948217  27.941298     1.9312    89.3999     4.3608     0.0291     0.0442     4.7380     0.2634     0.5963 1.000e-012 -9.000e+000      97.94    5.97307    34.1848    34.1821    -0.6859    27.4802    1448.32         57        222
      23053    212.000    209.680    -0.6653    -0.6663  27.970480  27.969593     1.9292    89.4194     4.3618     0.0296     0.0451     4.7632     0.2644     0.5716 1.000e-012 -9.000e+000      97.94    5.96345    34.1982    34.1981    -0.6718    27.4904    1448.42         45        222
      23099    213.000    210.669    -0.6647    -0.6656  27.978065  27.977422     1.9284    89.4484     4.3632     0.0289     0.0439     4.7719     0.2648     0.5916 1.000e-012 -9.000e+000      97.93    5.96109    34.2071    34.2073    -0.6712    27.4976    1448.46         47        222
      23147    214.000    211.658    -0.6585    -0.6589  27.993935  27.993810     1.9279    89.4538     4.3635     0.0288     0.0436     4.7411     0.2635     0.5593 1.000e-012 -9.000e+000      97.93    5.95877    34.2209    34.2212    -0.6651    27.5085    1448.52         48        222
      23192    215.000    212.646    -0.6459    -0.6466  28.013099  28.012657     1.9281    89.4674     4.3641     0.0288     0.0437     4.6525     0.2599     0.5776 1.000e-012 -9.000e+000      97.93    5.95825    34.2319    34.2321    -0.6525    27.5169    1448.61         43        222
      23237    216.000    213.635    -0.6346    -0.6357  28.029611  28.028633     1.9289    89.4571     4.3636     0.0283     0.0426     4.6043     0.2579     0.5548 1.000e-012 -9.000e+000      97.93    5.96043    34.2408    34.2407    -0.6413    27.5236    1448.69         50        222
      23292    217.000    214.623    -0.6197    -0.6210  28.050611  28.049223     1.9294    89.4400     4.3627     0.0286     0.0432     4.6724     0.2607     0.5592 1.000e-012 -9.000e+000      97.93    5.96072    34.2516    34.2512    -0.6264    27.5318    1448.79         55        222
      23341    218.000    215.612    -0.5968    -0.5974  28.079196  28.078734     1.9297    89.4392     4.3627     0.0289     0.0438     4.6043     0.2579     0.5748 1.000e-012 -9.000e+000      97.93    5.95881    34.2637    34.2637    -0.6036    27.5405    1448.93         44        222
      23383    219.000    216.600    -0.5827    -0.5838  28.098704  28.097858     1.9310    89.4429     4.3629     0.0284     0.0429     4.6764     0.2609     0.5672 1.000e-012 -9.000e+000      97.93    5.96245    34.2734    34.2735    -0.5896    27.5477    1449.03         41        222
      23427    220.000    217.589    -0.5740    -0.5741  28.111607  28.112007     1.9329    89.4414     4.3628     0.0283     0.0426     4.6976     0.2617     0.5600 1.000e-012 -9.000e+000      97.93    5.96951    34.2803    34.2809    -0.5809    27.5530    1449.09         50        222
      23484    221.000    218.577    -0.5630    -0.5641  28.128049  28.126998     1.9345    89.4337     4.3624     0.0284     0.0429     4.6333     0.2592     0.5754 1.000e-012 -9.000e+000      97.93    5.97489    34.2894    34.2892    -0.5700    27.5598    1449.17         61        222
      23537    222.000    219.566    -0.5484    -0.5490  28.149377  28.148817     1.9349    89.4340     4.3625     0.0287     0.0435     4.6027     0.2579     0.5807 1.000e-012 -9.000e+000      97.93    5.97480    34.3009    34.3009    -0.5555    27.5686    1449.27         41        222
