d201211_0048.cnv
* Sea-Bird SBE 9 Data File:
* FileName = C:\2012-11\CTD Raw\201211-0048.hdr
* Software Version Seasave V 7.21d
* Temperature SN = 4397
* Conductivity SN = 2992
* Number of Bytes Per Scan = 40
* Number of Voltage Words = 5
* Number of Scans Averaged by the Deck Unit = 1
* NMEA Latitude = 76 01.05 N
* NMEA Longitude = 175 17.49 W
* NMEA UTC (Time) = Sep 01 2012 07:04:55
* NMEA baud rate = 4800
** Ship:  CCGS Louis St-Laurent
** Cruise:  2012-11
** Station:   CAP-10
** Depth (m):  2100
# nquan = 26
# nvalues = 543                         
# units = specified
# name 0 = scan: Scan Count
# name 1 = prDM: Pressure, Digiquartz [db]
# name 2 = depSM: Depth [salt water, m]
# name 3 = t090C: Temperature [ITS-90, deg C]
# name 4 = t190C: Temperature, 2 [ITS-90, deg C]
# name 5 = c0mS/cm: Conductivity [mS/cm]
# name 6 = c1mS/cm: Conductivity, 2 [mS/cm]
# name 7 = sbeox0V: Oxygen raw, SBE 43 [V]
# name 8 = CStarTr0: Beam Transmission, WET Labs C-Star [%]
# name 9 = v1: Voltage 1
# name 10 = flSP: Fluorescence, Seapoint
# name 11 = v0: Voltage 0
# name 12 = wetCDOM: Fluorescence, WET Labs CDOM [mg/m^3]
# name 13 = v4: Voltage 4
# name 14 = upoly0: Upoly 0, ISUS
# name 15 = par: PAR/Irradiance, Biospherical/Licor
# name 16 = spar: SPAR/Surface Irradiance
# name 17 = altM: Altimeter [m]
# name 18 = sbeox0ML/L: Oxygen, SBE 43 [ml/l], WS = 1
# name 19 = sal00: Salinity, Practical [PSU]
# name 20 = sal11: Salinity, Practical, 2 [PSU]
# name 21 = potemp090C: Potential Temperature [ITS-90, deg C]
# name 22 = sigma-é00: Density [sigma-theta, Kg/m^3]
# name 23 = svCM: Sound Velocity [Chen-Millero, m/s]
# name 24 = nbin: number of scans per bin
# name 25 = flag: flag
# span 0 =      12566,      33247       
# span 1 =      1.000,    543.000       
# span 2 =      0.990,    536.631       
# span 3 =    -1.4462,     0.9134       
# span 4 =    -1.4463,     0.9131       
# span 5 =  21.795445,  29.915515       
# span 6 =  21.786086,  29.915623       
# span 7 =     1.9279,     2.6578       
# span 8 =    83.3921,    89.7152       
# span 9 =     4.0716,     4.3760       
# span 10 = 3.1067e-02, 1.0143e+00      
# span 11 =     0.0310,     1.0143      
# span 12 =     2.8376,     5.2683      
# span 13 =     0.1858,     0.2850      
# span 14 =  0.1763586,  0.6710352      
# span 15 = 1.0000e-12, 1.0000e-12      
# span 16 = 0.0000e+00, 0.0000e+00      
# span 17 =      97.92,      98.40      
# span 18 =    5.66456,    8.55163      
# span 19 =    25.7218,    34.8529      
# span 20 =    25.7103,    34.8538      
# span 21 =    -1.4497,     0.8918      
# span 22 =    20.6277,    27.9439      
# span 23 =    1435.76,    1461.34      
# span 24 =         19,         85      
# span 25 = 0.0000e+00, 0.0000e+00      
# interval = decibars: 1                
# start_time = Sep 01 2012 07:04:55 [NMEA time, header]
# bad_flag = -9.990e-29
*END*
[from data line 334]
      28260    335.000    331.237     0.7185     0.7181  29.641483  29.641128     2.1341    89.6872     4.3746     0.0233     0.0333     3.7060     0.2213     0.4929 1.000e-012 -9.000e+000      97.97    6.64887    34.7790    34.7790     0.7036    27.8870    1457.57         26        222
      28285    336.000    332.224     0.7187     0.7178  29.642287  29.641430     2.1351    89.6857     4.3746     0.0246     0.0357     3.6355     0.2184     0.5011 1.000e-012 -9.000e+000      97.98    6.65383    34.7792    34.7791     0.7038    27.8872    1457.59         24        222
      28307    337.000    333.212     0.7266     0.7271  29.651577  29.651821     2.1356    89.6911     4.3748     0.0235     0.0337     3.6741     0.2199     0.5187 1.000e-012 -9.000e+000      97.98    6.65534    34.7818    34.7816     0.7116    27.8888    1457.65         21        222
      28328    338.000    334.200     0.7411     0.7407  29.667740  29.667201     2.1359    89.6910     4.3748     0.0232     0.0330     3.7285     0.2222     0.5149 1.000e-012 -9.000e+000      97.98    6.65480    34.7860    34.7857     0.7260    27.8912    1457.74         21        222
      28350    339.000    335.188     0.7519     0.7528  29.680794  29.681465     2.1365    89.6910     4.3748     0.0232     0.0331     3.6957     0.2208     0.5093 1.000e-012 -9.000e+000      97.98    6.65608    34.7902    34.7901     0.7367    27.8940    1457.81         23        222
      28374    340.000    336.176     0.7620     0.7616  29.692598  29.692078     2.1367    89.6910     4.3748     0.0231     0.0329     3.6987     0.2210     0.5061 1.000e-012 -9.000e+000      97.97    6.65599    34.7937    34.7934     0.7467    27.8961    1457.87         25        222
      28400    341.000    337.164     0.7627     0.7625  29.693877  29.693556     2.1368    89.6910     4.3748     0.0235     0.0336     3.6303     0.2182     0.5358 1.000e-012 -9.000e+000      97.99    6.65737    34.7939    34.7937     0.7474    27.8963    1457.89         27        222
      28426    342.000    338.152     0.7629     0.7627  29.694506  29.694164     2.1369    89.6910     4.3748     0.0233     0.0332     3.6378     0.2185     0.5500 1.000e-012 -9.000e+000      97.99    6.65886    34.7939    34.7937     0.7475    27.8963    1457.91         25        222
      28449    343.000    339.140     0.7630     0.7628  29.694915  29.694644     2.1364    89.6899     4.3747     0.0232     0.0330     3.6444     0.2188     0.5230 1.000e-012 -9.000e+000      97.98    6.65805    34.7938    34.7936     0.7476    27.8961    1457.93         22        222
      28471    344.000    340.128     0.7631     0.7628  29.695507  29.695111     2.1364    89.6910     4.3748     0.0233     0.0332     3.6061     0.2172     0.5323 1.000e-012 -9.000e+000      97.99    6.65916    34.7938    34.7937     0.7476    27.8962    1457.94         21        222
      28491    345.000    341.116     0.7632     0.7629  29.695977  29.695715     2.1363    89.6910     4.3748     0.0235     0.0337     3.6162     0.2176     0.5353 1.000e-012 -9.000e+000      97.99    6.65989    34.7937    34.7937     0.7477    27.8961    1457.96         20        222
      28513    346.000    342.104     0.7633     0.7629  29.696469  29.696122     2.1363    89.6910     4.3748     0.0232     0.0331     3.5997     0.2169     0.5250 1.000e-012 -9.000e+000      97.99    6.66101    34.7937    34.7937     0.7477    27.8961    1457.98         23        222
      28538    347.000    343.092     0.7634     0.7630  29.696971  29.696593     2.1367    89.6910     4.3748     0.0229     0.0325     3.6980     0.2209     0.5298 1.000e-012 -9.000e+000      97.99    6.66366    34.7936    34.7936     0.7478    27.8960    1457.99         26        222
      28564    348.000    344.080     0.7635     0.7632  29.697492  29.697124     2.1370    89.6910     4.3748     0.0232     0.0330     3.7487     0.2230     0.5327 1.000e-012 -9.000e+000      97.99    6.66593    34.7936    34.7935     0.7479    27.8960    1458.01         26        222
      28589    349.000    345.067     0.7636     0.7633  29.698040  29.697688     2.1383    89.6910     4.3748     0.0235     0.0337     3.6300     0.2182     0.5320 1.000e-012 -9.000e+000      98.00    6.67206    34.7936    34.7935     0.7479    27.8960    1458.03         24        222
      28612    350.000    346.056     0.7637     0.7634  29.698534  29.698223     2.1393    89.6910     4.3748     0.0235     0.0335     3.6329     0.2183     0.4901 1.000e-012 -9.000e+000      98.00    6.67703    34.7936    34.7935     0.7480    27.8959    1458.04         22        222
      28634    351.000    347.043     0.7637     0.7642  29.698986  29.699257     2.1400    89.6910     4.3748     0.0232     0.0330     3.7509     0.2231     0.5062 1.000e-012 -9.000e+000      98.00    6.68086    34.7936    34.7933     0.7479    27.8959    1458.06         23        222
      28658    352.000    348.031     0.7673     0.7672  29.703313  29.702938     2.1414    89.6910     4.3748     0.0230     0.0328     3.6063     0.2172     0.5191 1.000e-012 -9.000e+000      97.99    6.68669    34.7945    34.7942     0.7514    27.8965    1458.09         25        222
      28682    353.000    349.019     0.7803     0.7799  29.717492  29.717094     2.1423    89.6874     4.3746     0.0235     0.0337     3.5603     0.2153     0.4771 1.000e-012 -9.000e+000      98.00    6.68874    34.7978    34.7977     0.7644    27.8983    1458.17         23        222
      28705    354.000    350.007     0.7806     0.7802  29.718310  29.717867     2.1427    89.6903     4.3748     0.0223     0.0313     3.6349     0.2184     0.5117 1.000e-012 -9.000e+000      98.00    6.69134    34.7979    34.7978     0.7646    27.8984    1458.19         23        222
      28727    355.000    350.995     0.7806     0.7803  29.718814  29.718358     2.1431    89.6910     4.3748     0.0225     0.0317     3.7057     0.2213     0.5301 1.000e-012 -9.000e+000      98.00    6.69400    34.7980    34.7977     0.7646    27.8985    1458.21         21        222
      28748    356.000    351.983     0.7807     0.7803  29.719317  29.718875     2.1431    89.6910     4.3748     0.0229     0.0325     3.8872     0.2286     0.5095 1.000e-012 -9.000e+000      98.00    6.69510    34.7979    34.7978     0.7646    27.8984    1458.22         22        222
      28771    357.000    352.971     0.7806     0.7803  29.719752  29.719323     2.1432    89.6910     4.3748     0.0231     0.0329     3.5164     0.2136     0.5234 1.000e-012 -9.000e+000      98.00    6.69661    34.7980    34.7978     0.7645    27.8985    1458.24         24        222
      28798    358.000    353.958     0.7806     0.7803  29.720160  29.719787     2.1429    89.6910     4.3748     0.0227     0.0320     3.7428     0.2227     0.5215 1.000e-012 -9.000e+000      98.00    6.69656    34.7980    34.7978     0.7644    27.8984    1458.26         28        222
      28826    359.000    354.946     0.7806     0.7803  29.720598  29.720172     2.1428    89.6920     4.3748     0.0235     0.0336     3.6795     0.2202     0.4743 1.000e-012 -9.000e+000      98.00    6.69728    34.7979    34.7977     0.7644    27.8984    1458.27         27        222
      28851    360.000    355.934     0.7808     0.7804  29.721179  29.720771     2.1430    89.6856     4.3745     0.0232     0.0331     3.5611     0.2153     0.4967 1.000e-012 -9.000e+000      98.00    6.69913    34.7979    34.7978     0.7645    27.8984    1458.29         24        222
      28872    361.000    356.922     0.7809     0.7805  29.721728  29.721380     2.1429    89.6910     4.3748     0.0230     0.0326     3.6076     0.2172     0.5169 1.000e-012 -9.000e+000      98.00    6.69982    34.7979    34.7979     0.7646    27.8984    1458.31         20        222
      28892    362.000    357.910     0.7809     0.7805  29.722253  29.721932     2.1424    89.6910     4.3748     0.0231     0.0328     3.6582     0.2193     0.5361 1.000e-012 -9.000e+000      98.00    6.69898    34.7980    34.7980     0.7645    27.8985    1458.32         19        222
      28912    363.000    358.898     0.7811     0.7808  29.722862  29.722475     2.1421    89.6910     4.3748     0.0232     0.0331     3.6752     0.2200     0.5188 1.000e-012 -9.000e+000      98.00    6.69889    34.7980    34.7978     0.7647    27.8984    1458.34         22        222
      28935    364.000    359.885     0.7810     0.7808  29.723309  29.722978     2.1422    89.6880     4.3747     0.0232     0.0330     3.6083     0.2173     0.5130 1.000e-012 -9.000e+000      98.00    6.70038    34.7981    34.7979     0.7645    27.8985    1458.36         25        222
      28962    365.000    360.873     0.7811     0.7808  29.723766  29.723400     2.1414    89.6910     4.3748     0.0236     0.0337     3.6891     0.2206     0.5123 1.000e-012 -9.000e+000      98.00    6.69837    34.7980    34.7978     0.7646    27.8984    1458.37         27        222
      28988    366.000    361.861     0.7811     0.7809  29.724223  29.723936     2.1412    89.6910     4.3748     0.0230     0.0327     3.5050     0.2131     0.5079 1.000e-012 -9.000e+000      98.00    6.69869    34.7980    34.7978     0.7645    27.8984    1458.39         25        222
      29012    367.000    362.849     0.7813     0.7810  29.724814  29.724432     2.1404    89.6910     4.3748     0.0228     0.0323     3.7054     0.2212     0.5227 1.000e-012 -9.000e+000      98.01    6.69665    34.7979    34.7978     0.7647    27.8984    1458.41         22        222
      29034    368.000    363.837     0.7813     0.7810  29.725299  29.725033     2.1405    89.6782     4.3742     0.0228     0.0323     3.6588     0.2194     0.5253 1.000e-012 -9.000e+000      98.00    6.69812    34.7980    34.7980     0.7646    27.8984    1458.42         22        222
      29055    369.000    364.824     0.7813     0.7810  29.725789  29.725420     2.1404    89.6909     4.3748     0.0234     0.0334     3.7796     0.2243     0.5117 1.000e-012 -9.000e+000      98.01    6.69882    34.7980    34.7979     0.7646    27.8985    1458.44         22        222
      29079    370.000    365.812     0.7814     0.7810  29.726238  29.725855     2.1403    89.6915     4.3748     0.0232     0.0331     3.7458     0.2229     0.5044 1.000e-012 -9.000e+000      98.01    6.69951    34.7979    34.7978     0.7646    27.8984    1458.46         25        222
      29105    371.000    366.800     0.7814     0.7810  29.726770  29.726420     2.1404    89.6747     4.3740     0.0225     0.0317     3.6559     0.2193     0.4940 1.000e-012 -9.000e+000      98.01    6.70097    34.7980    34.7980     0.7646    27.8985    1458.47         26        222
      29130    372.000    367.788     0.7814     0.7811  29.727082  29.726898     2.1403    89.6913     4.3748     0.0222     0.0310     3.6792     0.2202     0.4822 1.000e-012 -9.000e+000      98.01    6.70168    34.7978    34.7979     0.7645    27.8983    1458.49         25        222
      29154    373.000    368.776     0.7814     0.7811  29.727693  29.727498     2.1403    89.6898     4.3747     0.0229     0.0324     3.6584     0.2193     0.4931 1.000e-012 -9.000e+000      98.01    6.70275    34.7980    34.7981     0.7645    27.8985    1458.51         23        222
      29176    374.000    369.763     0.7816     0.7812  29.728176  29.728006     2.1403    89.6874     4.3746     0.0232     0.0330     3.7084     0.2214     0.4953 1.000e-012 -9.000e+000      98.01    6.70380    34.7978    34.7981     0.7646    27.8983    1458.52         21        222
      29197    375.000    370.751     0.7816     0.7812  29.728747  29.728427     2.1402    89.6910     4.3748     0.0236     0.0338     3.5897     0.2165     0.4982 1.000e-012 -9.000e+000      98.01    6.70449    34.7980    34.7980     0.7646    27.8985    1458.54         22        222
      29219    376.000    371.739     0.7817     0.7813  29.729255  29.728907     2.1401    89.6856     4.3745     0.0240     0.0345     3.6559     0.2192     0.5132 1.000e-012 -9.000e+000      98.01    6.70516    34.7979    34.7979     0.7646    27.8984    1458.56         23        222
      29244    377.000    372.727     0.7817     0.7814  29.729696  29.729321     2.1393    89.6883     4.3747     0.0239     0.0343     3.5177     0.2136     0.5175 1.000e-012 -9.000e+000      98.01    6.70313    34.7979    34.7978     0.7646    27.8984    1458.57         26        222
      29272    378.000    373.715     0.7854     0.7855  29.734018  29.734091     2.1392    89.6872     4.3746     0.0231     0.0328     3.5932     0.2166     0.5310 1.000e-012 -9.000e+000      98.01    6.70310    34.7988    34.7988     0.7682    27.8989    1458.61         29        222
      29299    379.000    374.702     0.8048     0.8051  29.756249  29.756294     2.1385    89.6890     4.3747     0.0233     0.0332     3.6314     0.2182     0.5595 1.000e-012 -9.000e+000      98.02    6.69758    34.8053    34.8050     0.7875    27.9029    1458.72         25        222
      29323    380.000    375.690     0.8095     0.8092  29.762132  29.761846     2.1383    89.6910     4.3748     0.0232     0.0331     3.6620     0.2195     0.5592 1.000e-012 -9.000e+000      98.02    6.69693    34.8071    34.8070     0.7921    27.9040    1458.76         22        222
      29344    381.000    376.678     0.8195     0.8197  29.773687  29.773741     2.1382    89.6910     4.3748     0.0227     0.0320     3.6702     0.2198     0.5419 1.000e-012 -9.000e+000      98.01    6.69562    34.8103    34.8101     0.8021    27.9059    1458.83         20        222
      29364    382.000    377.666     0.8247     0.8238  29.779814  29.779006     2.1378    89.6910     4.3748     0.0227     0.0321     3.5410     0.2145     0.5165 1.000e-012 -9.000e+000      98.02    6.69411    34.8118    34.8118     0.8072    27.9068    1458.87         21        222
      29386    383.000    378.653     0.8356     0.8360  29.792539  29.792566     2.1375    89.6900     4.3748     0.0232     0.0331     3.6413     0.2187     0.5116 1.000e-012 -9.000e+000      98.02    6.69183    34.8155    34.8151     0.8180    27.9091    1458.94         24        222
      29411    384.000    379.641     0.8402     0.8400  29.797929  29.797680     2.1375    89.6910     4.3748     0.0229     0.0325     3.6531     0.2191     0.5085 1.000e-012 -9.000e+000      98.02    6.69199    34.8167    34.8166     0.8225    27.9098    1458.98         26        222
      29438    385.000    380.629     0.8413     0.8414  29.799675  29.799630     2.1371    89.6890     4.3747     0.0227     0.0321     3.6441     0.2188     0.5087 1.000e-012 -9.000e+000      98.02    6.69128    34.8172    34.8170     0.8236    27.9101    1459.00         26        222
      29463    386.000    381.617     0.8560     0.8559  29.817239  29.817005     2.1370    89.6932     4.3749     0.0229     0.0325     3.5483     0.2148     0.5255 1.000e-012 -9.000e+000      98.02    6.68899    34.8229    34.8227     0.8382    27.9137    1459.09         24        222
      29486    387.000    382.604     0.8563     0.8559  29.818013  29.817675     2.1366    89.6910     4.3748     0.0230     0.0327     3.6709     0.2198     0.5102 1.000e-012 -9.000e+000      98.02    6.68844    34.8229    34.8229     0.8384    27.9138    1459.11         23        222
      29508    388.000    383.592     0.8564     0.8560  29.818600  29.818192     2.1363    89.6909     4.3748     0.0227     0.0320     3.5854     0.2163     0.5116 1.000e-012 -9.000e+000      98.02    6.68831    34.8230    34.8229     0.8385    27.9138    1459.12         22        222
