d201211_0048.cnv
* Sea-Bird SBE 9 Data File:
* FileName = C:\2012-11\CTD Raw\201211-0048.hdr
* Software Version Seasave V 7.21d
* Temperature SN = 4397
* Conductivity SN = 2992
* Number of Bytes Per Scan = 40
* Number of Voltage Words = 5
* Number of Scans Averaged by the Deck Unit = 1
* NMEA Latitude = 76 01.05 N
* NMEA Longitude = 175 17.49 W
* NMEA UTC (Time) = Sep 01 2012 07:04:55
* NMEA baud rate = 4800
** Ship:  CCGS Louis St-Laurent
** Cruise:  2012-11
** Station:   CAP-10
** Depth (m):  2100
# nquan = 26
# nvalues = 543                         
# units = specified
# name 0 = scan: Scan Count
# name 1 = prDM: Pressure, Digiquartz [db]
# name 2 = depSM: Depth [salt water, m]
# name 3 = t090C: Temperature [ITS-90, deg C]
# name 4 = t190C: Temperature, 2 [ITS-90, deg C]
# name 5 = c0mS/cm: Conductivity [mS/cm]
# name 6 = c1mS/cm: Conductivity, 2 [mS/cm]
# name 7 = sbeox0V: Oxygen raw, SBE 43 [V]
# name 8 = CStarTr0: Beam Transmission, WET Labs C-Star [%]
# name 9 = v1: Voltage 1
# name 10 = flSP: Fluorescence, Seapoint
# name 11 = v0: Voltage 0
# name 12 = wetCDOM: Fluorescence, WET Labs CDOM [mg/m^3]
# name 13 = v4: Voltage 4
# name 14 = upoly0: Upoly 0, ISUS
# name 15 = par: PAR/Irradiance, Biospherical/Licor
# name 16 = spar: SPAR/Surface Irradiance
# name 17 = altM: Altimeter [m]
# name 18 = sbeox0ML/L: Oxygen, SBE 43 [ml/l], WS = 1
# name 19 = sal00: Salinity, Practical [PSU]
# name 20 = sal11: Salinity, Practical, 2 [PSU]
# name 21 = potemp090C: Potential Temperature [ITS-90, deg C]
# name 22 = sigma-é00: Density [sigma-theta, Kg/m^3]
# name 23 = svCM: Sound Velocity [Chen-Millero, m/s]
# name 24 = nbin: number of scans per bin
# name 25 = flag: flag
# span 0 =      12566,      33247       
# span 1 =      1.000,    543.000       
# span 2 =      0.990,    536.631       
# span 3 =    -1.4462,     0.9134       
# span 4 =    -1.4463,     0.9131       
# span 5 =  21.795445,  29.915515       
# span 6 =  21.786086,  29.915623       
# span 7 =     1.9279,     2.6578       
# span 8 =    83.3921,    89.7152       
# span 9 =     4.0716,     4.3760       
# span 10 = 3.1067e-02, 1.0143e+00      
# span 11 =     0.0310,     1.0143      
# span 12 =     2.8376,     5.2683      
# span 13 =     0.1858,     0.2850      
# span 14 =  0.1763586,  0.6710352      
# span 15 = 1.0000e-12, 1.0000e-12      
# span 16 = 0.0000e+00, 0.0000e+00      
# span 17 =      97.92,      98.40      
# span 18 =    5.66456,    8.55163      
# span 19 =    25.7218,    34.8529      
# span 20 =    25.7103,    34.8538      
# span 21 =    -1.4497,     0.8918      
# span 22 =    20.6277,    27.9439      
# span 23 =    1435.76,    1461.34      
# span 24 =         19,         85      
# span 25 = 0.0000e+00, 0.0000e+00      
# interval = decibars: 1                
# start_time = Sep 01 2012 07:04:55 [NMEA time, header]
# bad_flag = -9.990e-29
*END*
      12566      1.000      0.990    -0.2141    -0.2147  21.797471  21.787514     2.5130    85.6707     4.1813     0.0405     0.0657     3.1621     0.1991    -9.0000 1.000e-012 -9.000e+000      98.38    8.54184    25.7245    25.7122    -0.2141    20.6298    1435.76         39        222
      12890      2.000      1.979    -0.2140    -0.2147  21.807299  21.802582     2.5208    83.3921     4.0716     0.0400     0.0648     3.0978     0.1965    -9.0000 1.000e-012 -9.000e+000      98.39    8.57376    25.7366    25.7311    -0.2140    20.6396    1435.79         83        222
      13428      3.000      2.969    -0.2137    -0.2128  21.808971  21.808573     2.5265    89.4128     4.3615     0.0397     0.0642     2.9031     0.1885    -9.0000 1.000e-012 -9.000e+000      98.39    8.59778    25.7380    25.7367    -0.2137    20.6408    1435.81         30        222
      13459      4.000      3.958    -0.2105    -0.2106  21.811041  21.810433     2.5258    89.3598     4.3589     0.0391     0.0630     2.8376     0.1858    -9.0000 1.000e-012 -9.000e+000      98.39    8.59662    25.7375    25.7368    -0.2106    20.6403    1435.84         43        222
      13516      5.000      4.948    -0.2093    -0.2100  21.812737  21.811363     2.5257    89.2922     4.3557     0.0377     0.0604     2.8697     0.1871    -9.0000 1.000e-012 -9.000e+000      98.39    8.59973    25.7382    25.7370    -0.2094    20.6408    1435.87         71        222
      13622      6.000      5.937    -0.2102    -0.2097  21.812551  21.812162     2.5267    89.3453     4.3582     0.0377     0.0604     2.9426     0.1901    -9.0000 1.000e-012 -9.000e+000      98.39    8.60901    25.7382    25.7373    -0.2103    20.6409    1435.88         85        222
      13673      7.000      6.927    -0.2130    -0.2130  21.814404  21.813504     2.5268    89.3659     4.3592     0.0402     0.0651     2.9123     0.1889    -9.0000 1.000e-012 -9.000e+000      98.40    8.61578    25.7425    25.7413    -0.2131    20.6444    1435.89         37        222
      13727      8.000      7.916    -0.2136    -0.2137  21.815112  21.814166     2.5266    89.3572     4.3588     0.0387     0.0624     2.9100     0.1888    -9.0000 1.000e-012 -9.000e+000      98.39    8.62166    25.7434    25.7423    -0.2137    20.6451    1435.90         72        222
      13801      9.000      8.906    -0.2118    -0.2125  21.815111  21.814187     2.5269    89.3598     4.3589     0.0379     0.0608     2.9327     0.1897    -9.0000 1.000e-012 -9.000e+000      98.40    8.62958    25.7414    25.7408    -0.2119    20.6435    1435.92         65        222
      13854     10.000      9.896    -0.2112    -0.2119  21.816880  21.815638     2.5273    89.3525     4.3586     0.0393     0.0634     2.8937     0.1881    -9.0000 1.000e-012 -9.000e+000      98.39    8.63815    25.7427    25.7417    -0.2114    20.6445    1435.94         46        222
      13905     11.000     10.885    -0.2116    -0.2122  21.815852  21.814328     2.5270    89.3578     4.3588     0.0385     0.0619     2.9132     0.1889    -9.0000 1.000e-012 -9.000e+000      98.40    8.64420    25.7413    25.7398    -0.2118    20.6433    1435.95         63        222
      13976     12.000     11.874    -0.2115    -0.2122  21.814886  21.813626     2.5268    89.3619     4.3590     0.0388     0.0626     2.8644     0.1869    -9.0000 1.000e-012 -9.000e+000      98.40    8.65021    25.7395    25.7384    -0.2117    20.6419    1435.97         66        222
      14027     13.000     12.864    -0.2145    -0.2166  21.811116  21.808270     2.5265    89.3596     4.3589     0.0376     0.0603     2.9070     0.1887    -9.0000 1.000e-012 -9.000e+000      98.40    8.65602    25.7366    25.7347    -0.2147    20.6397    1435.97         44        222
      14071     14.000     13.853    -0.2124    -0.2126  21.820161  21.817638     2.5264    89.3613     4.3590     0.0387     0.0623     2.8727     0.1872    -9.0000 1.000e-012 -9.000e+000      98.40    8.65982    25.7461    25.7430    -0.2126    20.6472    1436.01         44        222
      14117     15.000     14.843    -0.2121    -0.2130  21.822681  21.823246     2.5260    89.3597     4.3589     0.0383     0.0616     2.9764     0.1915    -9.0000 1.000e-012 -9.000e+000      98.40    8.66214    25.7486    25.7501    -0.2123    20.6492    1436.03         48        222
      14165     16.000     15.832    -0.2151    -0.2157  21.830552  21.828509     2.5251    89.3590     4.3589     0.0389     0.0627     2.8901     0.1879    -9.0000 1.000e-012 -9.000e+000      98.40    8.66129    25.7608    25.7586    -0.2154    20.6591    1436.04         47        222
      14209     17.000     16.822    -0.2134    -0.2138  21.829351  21.827019     2.5442    88.6329     4.3239     0.0418     0.0681     3.0025     0.1926    -9.0000 1.000e-012 -9.000e+000      98.40    8.73966    25.7573    25.7546    -0.2137    20.6563    1436.06         40        222
      14247     18.000     17.811    -0.2146    -0.2154  21.827382  21.822147     2.5749    86.4348     4.2181     0.0465     0.0770     3.1765     0.1996    -9.0000 1.000e-012 -9.000e+000      98.40    8.86381    25.7553    25.7492    -0.2149    20.6547    1436.07         37        222
      14288     19.000     18.801    -0.2718    -0.2726  22.631266  22.644627     2.6042    88.7798     4.3310     0.0573     0.0974     3.2391     0.2022    -9.0000 1.000e-012 -9.000e+000      98.40    8.92639    26.8443    26.8624    -0.2721    21.5345    1437.27         46        222
      14336     20.000     19.791    -0.3369    -0.3380  23.840135  23.839665     2.6273    89.0445     4.3437     0.0600     0.1026     3.3622     0.2072    -9.0000 1.000e-012 -9.000e+000      98.40    8.92859    28.4789    28.4794    -0.3373    22.8554    1439.17         47        222
      14379     21.000     20.780    -0.3167    -0.3166  24.215777  24.216126     2.6390    89.1330     4.3480     0.0664     0.1146     3.2687     0.2034    -9.0000 1.000e-012 -9.000e+000      98.40    8.93360    28.9515    28.9518    -0.3172    23.2363    1439.91         40        222
      14420     22.000     21.769    -0.2937    -0.2941  24.421018  24.420832     2.6454    89.1823     4.3503     0.0703     0.1220     3.3839     0.2081    -9.0000 1.000e-012 -9.000e+000      98.40    8.93102    29.1981    29.1982    -0.2942    23.4347    1440.36         43        222
      14464     23.000     22.759    -0.2747    -0.2752  24.589400  24.589801     2.6491    89.1962     4.3510     0.0758     0.1324     3.3942     0.2085    -9.0000 1.000e-012 -9.000e+000      98.40    8.92173    29.4001    29.4011    -0.2752    23.5971    1440.74         46        222
      14511     24.000     23.748    -0.2537    -0.2539  24.724720  24.725315     2.6496    89.1839     4.3504     0.0738     0.1286     3.5346     0.2143    -9.0000 1.000e-012 -9.000e+000      98.40    8.90234    29.5567    29.5577    -0.2543    23.7229    1441.06         45        222
      14552     25.000     24.738    -0.2459    -0.2464  24.827382  24.827409     2.6509    89.2021     4.3513     0.0736     0.1282     3.5001     0.2129    -9.0000 1.000e-012 -9.000e+000      98.39    8.89153    29.6833    29.6838    -0.2465    23.8248    1441.29         40        222
      14596     26.000     25.727    -0.2387    -0.2393  24.908088  24.907276     2.6523    89.2168     4.3520     0.0731     0.1272     3.4882     0.2124    -9.0000 1.000e-012 -9.000e+000      98.39    8.88326    29.7816    29.7811    -0.2393    23.9039    1441.47         50        222
      14648     27.000     26.717    -0.2656    -0.2666  24.953934  24.954060     2.6535    89.1737     4.3499     0.0806     0.1414     3.5561     0.2151    -9.0000 1.000e-012 -9.000e+000      98.39    8.88370    29.8676    29.8688    -0.2662    23.9743    1441.47         49        222
      14692     28.000     27.706    -0.2481    -0.2476  25.033280  25.034563     2.6536    89.1655     4.3495     0.0787     0.1378     3.7145     0.2216    -9.0000 1.000e-012 -9.000e+000      98.39    8.86891    29.9541    29.9553    -0.2488    24.0435    1441.69         40        222
      14734     29.000     28.695    -0.2329    -0.2336  25.113748  25.114117     2.6550    89.1583     4.3492     0.0794     0.1392     3.6771     0.2201    -9.0000 1.000e-012 -9.000e+000      98.39    8.85983    30.0443    30.0455    -0.2336    24.1158    1441.89         46        222
      14783     30.000     29.685    -0.2360    -0.2367  25.179520  25.180617     2.6568    89.1614     4.3493     0.0818     0.1438     3.6814     0.2203    -9.0000 1.000e-012 -9.000e+000      98.39    8.85717    30.1332    30.1354    -0.2367    24.1877    1442.02         51        222
      14831     31.000     30.674    -0.2700    -0.2709  25.216433  25.216555     2.6572    89.1382     4.3482     0.0864     0.1523     3.7083     0.2214    -9.0000 1.000e-012 -9.000e+000      98.38    8.85736    30.2149    30.2160    -0.2708    24.2548    1441.98         44        222
      14875     32.000     31.664    -0.2626    -0.2619  25.274792  25.275990     2.6578    89.1180     4.3473     0.0899     0.1590     3.7134     0.2216    -9.0000 1.000e-012 -9.000e+000      98.38    8.84901    30.2838    30.2847    -0.2634    24.3102    1442.12         46        222
      14922     33.000     32.653    -0.2445    -0.2457  25.336247  25.335730     2.6565    89.0938     4.3461     0.1047     0.1869     3.7928     0.2248    -9.0000 1.000e-012 -9.000e+000      98.37    8.83114    30.3461    30.3466    -0.2453    24.3598    1442.31         47        222
      14967     34.000     33.643    -0.2395    -0.2395  25.390599  25.391226     2.6541    89.0778     4.3453     0.0940     0.1667     3.9218     0.2301    -9.0000 1.000e-012 -9.000e+000      98.37    8.81218    30.4120    30.4129    -0.2404    24.4129    1442.44         44        222
      15012     35.000     34.632    -0.2411    -0.2417  25.439499  25.439363     2.6509    89.0720     4.3450     0.0955     0.1695     3.9779     0.2324    -9.0000 1.000e-012 -9.000e+000      98.36    8.79195    30.4774    30.4779    -0.2420    24.4658    1442.53         45        222
      15059     36.000     35.621    -0.2637    -0.2646  25.469317  25.469161     2.6480    89.0773     4.3453     0.0884     0.1562     3.9613     0.2317    -9.0000 1.000e-012 -9.000e+000      98.35    8.77855    30.5388    30.5395    -0.2646    24.5161    1442.53         49        222
      15108     37.000     36.611    -0.2974    -0.2984  25.503563  25.503440     2.6443    89.0356     4.3433     0.0954     0.1693     4.0020     0.2333    -9.0000 1.000e-012 -9.000e+000      98.35    8.76387    30.6173    30.6181    -0.2983    24.5807    1442.49         48        222
      15153     38.000     37.600    -0.3366    -0.3375  25.517717  25.517527     2.6400    88.9982     4.3415     0.1019     0.1816     4.0115     0.2337    -9.0000 1.000e-012 -9.000e+000      98.34    8.74964    30.6749    30.6756    -0.3376    24.6286    1442.40         43        222
      15195     39.000     38.589    -0.3582    -0.3589  25.541201  25.541000     2.6356    88.9473     4.3390     0.1215     0.2187     4.0442     0.2351    -9.0000 1.000e-012 -9.000e+000      98.34    8.73115    30.7272    30.7276    -0.3592    24.6716    1442.38         43        222
      15242     40.000     39.579    -0.3838    -0.3848  25.556978  25.556590     2.6306    88.8345     4.3336     0.1260     0.2271     4.1270     0.2384    -9.0000 1.000e-012 -9.000e+000      98.34    8.71182    30.7734    30.7739    -0.3848    24.7099    1442.34         52        222
      15295     41.000     40.568    -0.4208    -0.4222  25.570893  25.570853     2.6224    88.7212     4.3281     0.1541     0.2802     4.1811     0.2406    -9.0000 1.000e-012 -9.000e+000      98.33    8.68225    30.8288    30.8302    -0.4218    24.7559    1442.26         48        222
      15338     42.000     41.558    -0.4404    -0.4408  25.598303  25.598285     2.6165    88.5805     4.3214     0.1874     0.3431     4.2769     0.2446    -9.0000 1.000e-012 -9.000e+000      98.33    8.65760    30.8845    30.8849    -0.4414    24.8016    1442.26         40        222
      15380     43.000     42.547    -0.4273    -0.4278  25.647845  25.647993     2.6133    88.3312     4.3094     0.2077     0.3815     4.3151     0.2461    -9.0000 1.000e-012 -9.000e+000      98.33    8.63597    30.9363    30.9370    -0.4284    24.8430    1442.41         45        222
      15427     44.000     43.536    -0.4759    -0.4788  25.651126  25.649843     2.6041    88.1657     4.3014     0.2570     0.4745     4.2737     0.2444    -9.0000 1.000e-012 -9.000e+000      98.32    8.60583    30.9897    30.9909    -0.4770    24.8878    1442.27         50        222
      15478     45.000     44.526    -0.5619    -0.5636  25.626781  25.626502     2.5955    87.9522     4.2911     0.3172     0.5881     4.3395     0.2471    -9.0000 1.000e-012 -9.000e+000      98.32    8.58719    31.0448    31.0462    -0.5630    24.9353    1441.95         48        222
      15522     46.000     45.515    -0.5842    -0.5851  25.646193  25.645818     2.5870    87.6241     4.2753     0.4360     0.8124     4.9698     0.2728    -9.0000 1.000e-012 -9.000e+000      98.31    8.55388    31.0930    31.0934    -0.5853    24.9750    1441.93         41        222
      15563     47.000     46.504    -0.6456    -0.6463  25.627258  25.627199     2.5763    88.1255     4.2995     0.5429     1.0143     4.3500     0.2475    -9.0000 1.000e-012 -9.000e+000      98.31    8.52213    31.1303    31.1310    -0.6467    25.0072    1441.70         45        222
      15613     48.000     47.494    -0.6735    -0.6749  25.636869  25.636588     2.5586    88.5239     4.3187     0.4042     0.7524     4.3622     0.2481    -9.0000 1.000e-012 -9.000e+000      98.30    8.45431    31.1713    31.1724    -0.6746    25.0413    1441.64         54        222
      15664     49.000     48.483    -0.6905    -0.6909  25.661703  25.662022     2.5363    88.6642     4.3254     0.3018     0.5591     4.5043     0.2538    -9.0000 1.000e-012 -9.000e+000      98.29    8.36512    31.2215    31.2224    -0.6916    25.0824    1441.65         44        222
      15704     50.000     49.473    -0.7010    -0.7017  25.697665  25.697379     2.5196    88.6550     4.3250     0.2878     0.5326     4.3866     0.2491     0.1949 1.000e-012 -9.000e+000      98.29    8.29621    31.2799    31.2802    -0.7022    25.1300    1441.69         39        222
      15747     51.000     50.462    -0.7241    -0.7247  25.718616  25.718699     2.5033    88.6419     4.3244     0.3105     0.5755     4.4841     0.2530     0.1840 1.000e-012 -9.000e+000      98.28    8.23240    31.3313    31.3321    -0.7253    25.1723    1441.67         51        222
      15802     52.000     51.451    -0.7762    -0.7775  25.710146  25.709287     2.4818    88.7348     4.3288     0.3347     0.6212     4.5487     0.2557     0.1764 1.000e-012 -9.000e+000      98.28    8.15531    31.3735    31.3737    -0.7774    25.2081    1441.50         52        222
      15846     53.000     52.440    -0.8545    -0.8552  25.686397  25.686260     2.4660    88.7690     4.3305     0.3205     0.5945     4.5377     0.2552     0.1887 1.000e-012 -9.000e+000      98.28    8.10654    31.4226    31.4232    -0.8557    25.2503    1441.21         38        222
      15884     54.000     53.430    -0.8476    -0.8480  25.721991  25.721930     2.4539    88.7985     4.3319     0.3187     0.5911     4.5679     0.2565     0.1995 1.000e-012 -9.000e+000      98.28    8.05302    31.4627    31.4630    -0.8488    25.2825    1441.31         41        222
      15934     55.000     54.419    -0.8938    -0.8942  25.711613  25.711403     2.4358    88.8874     4.3362     0.3071     0.5691     4.5230     0.2546     0.1990 1.000e-012 -9.000e+000      98.27    7.98807    31.4965    31.4966    -0.8950    25.3113    1441.15         58        222
